1 2 2 14 16 18 20 22 24 -1 -1 -1 -1 -1 -1 -1 -1 -1 0.00162152 0.001440641 0.000625657 0.00120802 0.000997298 0.001218292 -1 -1 -1 -1 -1 -1 -1 -1 -1
1 2 2 9 12 12 13 14 15 16 16 17 18 19 20 21 22 23 0.001194197 0.001048761 0.002352464 0.001881292 0.000559764 0.001035283 0.001089552 0.001150016 0.00195539 0.001369087 0.001392491 0.002781763 0.001546647 0.001427701 0.000798897
1 2 2 8 9 11 13 15 17 -1 -1 -1 -1 -1 -1 -1 -1 -1 1.95e-05 1.95e-05 5.59e-05 0.000137222 0.000116339 0.00021681 -1 -1 -1 -1 -1 -1 -1 -1 -1
1 2 2 3 5 7 9 11 13 15 -1 -1 -1 -1 -1 -1 -1 -1 1.95e-05 1.95e-05 1.95e-05 1.95e-05 1.95e-05 1.95e-05 4.69e-05 -1 -1 -1 -1 -1 -1 -1 -1
2 2 1 21 -1 -1 -1 -1 -1 -1 -1 -1 -1 -1 -1 -1 -1 -1 0.000411254 -1 -1 -1 -1 -1 -1 -1 -1 -1 -1 -1 -1 -1 -1
2 2 1 36 -1 -1 -1 -1 -1 -1 -1 -1 -1 -1 -1 -1 -1 -1 0.00040512 -1 -1 -1 -1 -1 -1 -1 -1 -1 -1 -1 -1 -1 -1
2 2 1 38 -1 -1 -1 -1 -1 -1 -1 -1 -1 -1 -1 -1 -1 -1 0.000575065 -1 -1 -1 -1 -1 -1 -1 -1 -1 -1 -1 -1 -1 -1
2 2 1 22 -1 -1 -1 -1 -1 -1 -1 -1 -1 -1 -1 -1 -1 -1 2.46e-05 -1 -1 -1 -1 -1 -1 -1 -1 -1 -1 -1 -1 -1 -1
2 2 1 32 -1 -1 -1 -1 -1 -1 -1 -1 -1 -1 -1 -1 -1 -1 0.000119074 -1 -1 -1 -1 -1 -1 -1 -1 -1 -1 -1 -1 -1 -1
2 2 1 28 -1 -1 -1 -1 -1 -1 -1 -1 -1 -1 -1 -1 -1 -1 0.00022888 -1 -1 -1 -1 -1 -1 -1 -1 -1 -1 -1 -1 -1 -1
2 2 1 27 -1 -1 -1 -1 -1 -1 -1 -1 -1 -1 -1 -1 -1 -1 0.000400439 -1 -1 -1 -1 -1 -1 -1 -1 -1 -1 -1 -1 -1 -1
2 2 1 33 -1 -1 -1 -1 -1 -1 -1 -1 -1 -1 -1 -1 -1 -1 0.001103553 -1 -1 -1 -1 -1 -1 -1 -1 -1 -1 -1 -1 -1 -1
2 2 1 29 -1 -1 -1 -1 -1 -1 -1 -1 -1 -1 -1 -1 -1 -1 0.000805207 -1 -1 -1 -1 -1 -1 -1 -1 -1 -1 -1 -1 -1 -1
2 2 1 18 -1 -1 -1 -1 -1 -1 -1 -1 -1 -1 -1 -1 -1 -1 4.02e-05 -1 -1 -1 -1 -1 -1 -1 -1 -1 -1 -1 -1 -1 -1
2 2 1 16 -1 -1 -1 -1 -1 -1 -1 -1 -1 -1 -1 -1 -1 -1 0.000205668 -1 -1 -1 -1 -1 -1 -1 -1 -1 -1 -1 -1 -1 -1
2 2 1 38 -1 -1 -1 -1 -1 -1 -1 -1 -1 -1 -1 -1 -1 -1 2.25e-05 -1 -1 -1 -1 -1 -1 -1 -1 -1 -1 -1 -1 -1 -1
2 2 1 22 -1 -1 -1 -1 -1 -1 -1 -1 -1 -1 -1 -1 -1 -1 0.000242107 -1 -1 -1 -1 -1 -1 -1 -1 -1 -1 -1 -1 -1 -1
2 2 1 26 -1 -1 -1 -1 -1 -1 -1 -1 -1 -1 -1 -1 -1 -1 0.000427971 -1 -1 -1 -1 -1 -1 -1 -1 -1 -1 -1 -1 -1 -1
2 2 1 22 -1 -1 -1 -1 -1 -1 -1 -1 -1 -1 -1 -1 -1 -1 0.00065049 -1 -1 -1 -1 -1 -1 -1 -1 -1 -1 -1 -1 -1 -1
2 2 1 23 -1 -1 -1 -1 -1 -1 -1 -1 -1 -1 -1 -1 -1 -1 9.16e-05 -1 -1 -1 -1 -1 -1 -1 -1 -1 -1 -1 -1 -1 -1
2 2 1 24 -1 -1 -1 -1 -1 -1 -1 -1 -1 -1 -1 -1 -1 -1 0.000377268 -1 -1 -1 -1 -1 -1 -1 -1 -1 -1 -1 -1 -1 -1
2 2 1 23 -1 -1 -1 -1 -1 -1 -1 -1 -1 -1 -1 -1 -1 -1 0.000346318 -1 -1 -1 -1 -1 -1 -1 -1 -1 -1 -1 -1 -1 -1
2 2 1 22 -1 -1 -1 -1 -1 -1 -1 -1 -1 -1 -1 -1 -1 -1 5.89e-05 -1 -1 -1 -1 -1 -1 -1 -1 -1 -1 -1 -1 -1 -1
2 2 1 15 -1 -1 -1 -1 -1 -1 -1 -1 -1 -1 -1 -1 -1 -1 4.44e-05 -1 -1 -1 -1 -1 -1 -1 -1 -1 -1 -1 -1 -1 -1
2 2 1 23 -1 -1 -1 -1 -1 -1 -1 -1 -1 -1 -1 -1 -1 -1 9.04e-05 -1 -1 -1 -1 -1 -1 -1 -1 -1 -1 -1 -1 -1 -1
2 2 1 21 -1 -1 -1 -1 -1 -1 -1 -1 -1 -1 -1 -1 -1 -1 0.00021188 -1 -1 -1 -1 -1 -1 -1 -1 -1 -1 -1 -1 -1 -1
2 2 1 22 -1 -1 -1 -1 -1 -1 -1 -1 -1 -1 -1 -1 -1 -1 0.000525775 -1 -1 -1 -1 -1 -1 -1 -1 -1 -1 -1 -1 -1 -1
2 2 1 32 -1 -1 -1 -1 -1 -1 -1 -1 -1 -1 -1 -1 -1 -1 0.02 -1 -1 -1 -1 -1 -1 -1 -1 -1 -1 -1 -1 -1 -1
2 2 1 24 -1 -1 -1 -1 -1 -1 -1 -1 -1 -1 -1 -1 -1 -1 0.000222405 -1 -1 -1 -1 -1 -1 -1 -1 -1 -1 -1 -1 -1 -1
2 2 1 21 -1 -1 -1 -1 -1 -1 -1 -1 -1 -1 -1 -1 -1 -1 0.000717912 -1 -1 -1 -1 -1 -1 -1 -1 -1 -1 -1 -1 -1 -1
2 2 1 21 -1 -1 -1 -1 -1 -1 -1 -1 -1 -1 -1 -1 -1 -1 0.000431153 -1 -1 -1 -1 -1 -1 -1 -1 -1 -1 -1 -1 -1 -1
2 2 1 28 -1 -1 -1 -1 -1 -1 -1 -1 -1 -1 -1 -1 -1 -1 0.000621802 -1 -1 -1 -1 -1 -1 -1 -1 -1 -1 -1 -1 -1 -1
2 2 1 29 -1 -1 -1 -1 -1 -1 -1 -1 -1 -1 -1 -1 -1 -1 1.95e-05 -1 -1 -1 -1 -1 -1 -1 -1 -1 -1 -1 -1 -1 -1
2 2 1 29 -1 -1 -1 -1 -1 -1 -1 -1 -1 -1 -1 -1 -1 -1 0.000245886 -1 -1 -1 -1 -1 -1 -1 -1 -1 -1 -1 -1 -1 -1
2 2 1 28 -1 -1 -1 -1 -1 -1 -1 -1 -1 -1 -1 -1 -1 -1 8.12e-05 -1 -1 -1 -1 -1 -1 -1 -1 -1 -1 -1 -1 -1 -1
2 2 1 21 -1 -1 -1 -1 -1 -1 -1 -1 -1 -1 -1 -1 -1 -1 0.000213127 -1 -1 -1 -1 -1 -1 -1 -1 -1 -1 -1 -1 -1 -1
2 2 1 23 -1 -1 -1 -1 -1 -1 -1 -1 -1 -1 -1 -1 -1 -1 0.000147112 -1 -1 -1 -1 -1 -1 -1 -1 -1 -1 -1 -1 -1 -1
2 2 1 27 -1 -1 -1 -1 -1 -1 -1 -1 -1 -1 -1 -1 -1 -1 0.000200947 -1 -1 -1 -1 -1 -1 -1 -1 -1 -1 -1 -1 -1 -1
2 2 1 24 -1 -1 -1 -1 -1 -1 -1 -1 -1 -1 -1 -1 -1 -1 0.000277468 -1 -1 -1 -1 -1 -1 -1 -1 -1 -1 -1 -1 -1 -1
2 2 1 34 -1 -1 -1 -1 -1 -1 -1 -1 -1 -1 -1 -1 -1 -1 1.95e-05 -1 -1 -1 -1 -1 -1 -1 -1 -1 -1 -1 -1 -1 -1
2 2 1 32 -1 -1 -1 -1 -1 -1 -1 -1 -1 -1 -1 -1 -1 -1 0.000600998 -1 -1 -1 -1 -1 -1 -1 -1 -1 -1 -1 -1 -1 -1
2 2 1 23 -1 -1 -1 -1 -1 -1 -1 -1 -1 -1 -1 -1 -1 -1 0.000329293 -1 -1 -1 -1 -1 -1 -1 -1 -1 -1 -1 -1 -1 -1
2 2 1 34 -1 -1 -1 -1 -1 -1 -1 -1 -1 -1 -1 -1 -1 -1 0.000445474 -1 -1 -1 -1 -1 -1 -1 -1 -1 -1 -1 -1 -1 -1
2 2 1 29 -1 -1 -1 -1 -1 -1 -1 -1 -1 -1 -1 -1 -1 -1 0.000185912 -1 -1 -1 -1 -1 -1 -1 -1 -1 -1 -1 -1 -1 -1
2 2 1 27 -1 -1 -1 -1 -1 -1 -1 -1 -1 -1 -1 -1 -1 -1 0.000934285 -1 -1 -1 -1 -1 -1 -1 -1 -1 -1 -1 -1 -1 -1
2 2 1 26 -1 -1 -1 -1 -1 -1 -1 -1 -1 -1 -1 -1 -1 -1 0.000432482 -1 -1 -1 -1 -1 -1 -1 -1 -1 -1 -1 -1 -1 -1
2 2 1 25 -1 -1 -1 -1 -1 -1 -1 -1 -1 -1 -1 -1 -1 -1 0.000123655 -1 -1 -1 -1 -1 -1 -1 -1 -1 -1 -1 -1 -1 -1
2 2 1 30 -1 -1 -1 -1 -1 -1 -1 -1 -1 -1 -1 -1 -1 -1 0.000177437 -1 -1 -1 -1 -1 -1 -1 -1 -1 -1 -1 -1 -1 -1
2 2 1 20 -1 -1 -1 -1 -1 -1 -1 -1 -1 -1 -1 -1 -1 -1 7.75e-05 -1 -1 -1 -1 -1 -1 -1 -1 -1 -1 -1 -1 -1 -1
2 2 1 15 -1 -1 -1 -1 -1 -1 -1 -1 -1 -1 -1 -1 -1 -1 5.48e-05 -1 -1 -1 -1 -1 -1 -1 -1 -1 -1 -1 -1 -1 -1
2 2 1 16 -1 -1 -1 -1 -1 -1 -1 -1 -1 -1 -1 -1 -1 -1 0.000106647 -1 -1 -1 -1 -1 -1 -1 -1 -1 -1 -1 -1 -1 -1
2 2 1 26 -1 -1 -1 -1 -1 -1 -1 -1 -1 -1 -1 -1 -1 -1 0.000115233 -1 -1 -1 -1 -1 -1 -1 -1 -1 -1 -1 -1 -1 -1
2 2 1 22 -1 -1 -1 -1 -1 -1 -1 -1 -1 -1 -1 -1 -1 -1 0.000463825 -1 -1 -1 -1 -1 -1 -1 -1 -1 -1 -1 -1 -1 -1
2 2 1 28 -1 -1 -1 -1 -1 -1 -1 -1 -1 -1 -1 -1 -1 -1 0.000496055 -1 -1 -1 -1 -1 -1 -1 -1 -1 -1 -1 -1 -1 -1
2 2 1 24 -1 -1 -1 -1 -1 -1 -1 -1 -1 -1 -1 -1 -1 -1 0.000448797 -1 -1 -1 -1 -1 -1 -1 -1 -1 -1 -1 -1 -1 -1
2 2 1 23 -1 -1 -1 -1 -1 -1 -1 -1 -1 -1 -1 -1 -1 -1 0.000352958 -1 -1 -1 -1 -1 -1 -1 -1 -1 -1 -1 -1 -1 -1
2 2 1 21 -1 -1 -1 -1 -1 -1 -1 -1 -1 -1 -1 -1 -1 -1 0.000279257 -1 -1 -1 -1 -1 -1 -1 -1 -1 -1 -1 -1 -1 -1
2 2 1 27 -1 -1 -1 -1 -1 -1 -1 -1 -1 -1 -1 -1 -1 -1 0.001322246 -1 -1 -1 -1 -1 -1 -1 -1 -1 -1 -1 -1 -1 -1
2 2 1 35 -1 -1 -1 -1 -1 -1 -1 -1 -1 -1 -1 -1 -1 -1 0.000340705 -1 -1 -1 -1 -1 -1 -1 -1 -1 -1 -1 -1 -1 -1
2 2 1 31 -1 -1 -1 -1 -1 -1 -1 -1 -1 -1 -1 -1 -1 -1 0.000413349 -1 -1 -1 -1 -1 -1 -1 -1 -1 -1 -1 -1 -1 -1
2 2 1 18 -1 -1 -1 -1 -1 -1 -1 -1 -1 -1 -1 -1 -1 -1 1.95e-05 -1 -1 -1 -1 -1 -1 -1 -1 -1 -1 -1 -1 -1 -1
2 2 1 25 -1 -1 -1 -1 -1 -1 -1 -1 -1 -1 -1 -1 -1 -1 0.000130385 -1 -1 -1 -1 -1 -1 -1 -1 -1 -1 -1 -1 -1 -1
2 2 1 24 -1 -1 -1 -1 -1 -1 -1 -1 -1 -1 -1 -1 -1 -1 5.62e-05 -1 -1 -1 -1 -1 -1 -1 -1 -1 -1 -1 -1 -1 -1
2 2 1 31 -1 -1 -1 -1 -1 -1 -1 -1 -1 -1 -1 -1 -1 -1 0.000333562 -1 -1 -1 -1 -1 -1 -1 -1 -1 -1 -1 -1 -1 -1
2 2 1 39 -1 -1 -1 -1 -1 -1 -1 -1 -1 -1 -1 -1 -1 -1 0.00018172 -1 -1 -1 -1 -1 -1 -1 -1 -1 -1 -1 -1 -1 -1
2 2 1 28 28 -1 -1 -1 -1 -1 -1 -1 -1 -1 -1 -1 -1 -1 4.88e-05 4.88e-05 -1 -1 -1 -1 -1 -1 -1 -1 -1 -1 -1 -1 -1
2 2 1 27 -1 -1 -1 -1 -1 -1 -1 -1 -1 -1 -1 -1 -1 -1 0.000159531 -1 -1 -1 -1 -1 -1 -1 -1 -1 -1 -1 -1 -1 -1
2 2 1 24 -1 -1 -1 -1 -1 -1 -1 -1 -1 -1 -1 -1 -1 -1 0.000392609 -1 -1 -1 -1 -1 -1 -1 -1 -1 -1 -1 -1 -1 -1
2 2 1 26 -1 -1 -1 -1 -1 -1 -1 -1 -1 -1 -1 -1 -1 -1 0.000186355 -1 -1 -1 -1 -1 -1 -1 -1 -1 -1 -1 -1 -1 -1
2 2 1 19 -1 -1 -1 -1 -1 -1 -1 -1 -1 -1 -1 -1 -1 -1 5.36e-05 -1 -1 -1 -1 -1 -1 -1 -1 -1 -1 -1 -1 -1 -1
2 2 1 16 -1 -1 -1 -1 -1 -1 -1 -1 -1 -1 -1 -1 -1 -1 0.000205217 -1 -1 -1 -1 -1 -1 -1 -1 -1 -1 -1 -1 -1 -1
2 2 1 31 -1 -1 -1 -1 -1 -1 -1 -1 -1 -1 -1 -1 -1 -1 5.64e-05 -1 -1 -1 -1 -1 -1 -1 -1 -1 -1 -1 -1 -1 -1
2 2 1 20 -1 -1 -1 -1 -1 -1 -1 -1 -1 -1 -1 -1 -1 -1 0.000109819 -1 -1 -1 -1 -1 -1 -1 -1 -1 -1 -1 -1 -1 -1
2 2 1 20 -1 -1 -1 -1 -1 -1 -1 -1 -1 -1 -1 -1 -1 -1 0.000169467 -1 -1 -1 -1 -1 -1 -1 -1 -1 -1 -1 -1 -1 -1
2 2 1 20 -1 -1 -1 -1 -1 -1 -1 -1 -1 -1 -1 -1 -1 -1 0.000374844 -1 -1 -1 -1 -1 -1 -1 -1 -1 -1 -1 -1 -1 -1
2 2 1 18 -1 -1 -1 -1 -1 -1 -1 -1 -1 -1 -1 -1 -1 -1 0.000105151 -1 -1 -1 -1 -1 -1 -1 -1 -1 -1 -1 -1 -1 -1
2 2 1 20 -1 -1 -1 -1 -1 -1 -1 -1 -1 -1 -1 -1 -1 -1 0.000201451 -1 -1 -1 -1 -1 -1 -1 -1 -1 -1 -1 -1 -1 -1
2 2 1 25 -1 -1 -1 -1 -1 -1 -1 -1 -1 -1 -1 -1 -1 -1 0.000793195 -1 -1 -1 -1 -1 -1 -1 -1 -1 -1 -1 -1 -1 -1
2 2 1 24 -1 -1 -1 -1 -1 -1 -1 -1 -1 -1 -1 -1 -1 -1 4.94e-05 -1 -1 -1 -1 -1 -1 -1 -1 -1 -1 -1 -1 -1 -1
2 2 1 21 -1 -1 -1 -1 -1 -1 -1 -1 -1 -1 -1 -1 -1 -1 2.67e-05 -1 -1 -1 -1 -1 -1 -1 -1 -1 -1 -1 -1 -1 -1
2 2 1 18 -1 -1 -1 -1 -1 -1 -1 -1 -1 -1 -1 -1 -1 -1 0.000227617 -1 -1 -1 -1 -1 -1 -1 -1 -1 -1 -1 -1 -1 -1
2 2 1 29 -1 -1 -1 -1 -1 -1 -1 -1 -1 -1 -1 -1 -1 -1 0.000733798 -1 -1 -1 -1 -1 -1 -1 -1 -1 -1 -1 -1 -1 -1
2 2 1 28 -1 -1 -1 -1 -1 -1 -1 -1 -1 -1 -1 -1 -1 -1 1.95e-05 -1 -1 -1 -1 -1 -1 -1 -1 -1 -1 -1 -1 -1 -1
2 2 1 33 -1 -1 -1 -1 -1 -1 -1 -1 -1 -1 -1 -1 -1 -1 8.34e-05 -1 -1 -1 -1 -1 -1 -1 -1 -1 -1 -1 -1 -1 -1
2 2 1 13 -1 -1 -1 -1 -1 -1 -1 -1 -1 -1 -1 -1 -1 -1 0.000199546 -1 -1 -1 -1 -1 -1 -1 -1 -1 -1 -1 -1 -1 -1
2 2 1 24 -1 -1 -1 -1 -1 -1 -1 -1 -1 -1 -1 -1 -1 -1 4.93e-05 -1 -1 -1 -1 -1 -1 -1 -1 -1 -1 -1 -1 -1 -1
2 2 1 21 -1 -1 -1 -1 -1 -1 -1 -1 -1 -1 -1 -1 -1 -1 0.000231987 -1 -1 -1 -1 -1 -1 -1 -1 -1 -1 -1 -1 -1 -1
2 2 1 15 -1 -1 -1 -1 -1 -1 -1 -1 -1 -1 -1 -1 -1 -1 7.3e-05 -1 -1 -1 -1 -1 -1 -1 -1 -1 -1 -1 -1 -1 -1
2 2 1 27 -1 -1 -1 -1 -1 -1 -1 -1 -1 -1 -1 -1 -1 -1 0.001214631 -1 -1 -1 -1 -1 -1 -1 -1 -1 -1 -1 -1 -1 -1
2 2 1 20 -1 -1 -1 -1 -1 -1 -1 -1 -1 -1 -1 -1 -1 -1 0.00073314 -1 -1 -1 -1 -1 -1 -1 -1 -1 -1 -1 -1 -1 -1
2 2 1 19 -1 -1 -1 -1 -1 -1 -1 -1 -1 -1 -1 -1 -1 -1 0.000214432 -1 -1 -1 -1 -1 -1 -1 -1 -1 -1 -1 -1 -1 -1
2 2 1 24 -1 -1 -1 -1 -1 -1 -1 -1 -1 -1 -1 -1 -1 -1 8.59e-05 -1 -1 -1 -1 -1 -1 -1 -1 -1 -1 -1 -1 -1 -1
2 2 1 23 -1 -1 -1 -1 -1 -1 -1 -1 -1 -1 -1 -1 -1 -1 0.000143157 -1 -1 -1 -1 -1 -1 -1 -1 -1 -1 -1 -1 -1 -1
2 2 1 23 -1 -1 -1 -1 -1 -1 -1 -1 -1 -1 -1 -1 -1 -1 1.95e-05 -1 -1 -1 -1 -1 -1 -1 -1 -1 -1 -1 -1 -1 -1
2 2 1 24 -1 -1 -1 -1 -1 -1 -1 -1 -1 -1 -1 -1 -1 -1 5.21e-05 -1 -1 -1 -1 -1 -1 -1 -1 -1 -1 -1 -1 -1 -1
2 2 1 29 -1 -1 -1 -1 -1 -1 -1 -1 -1 -1 -1 -1 -1 -1 0.000183759 -1 -1 -1 -1 -1 -1 -1 -1 -1 -1 -1 -1 -1 -1
2 2 1 29 -1 -1 -1 -1 -1 -1 -1 -1 -1 -1 -1 -1 -1 -1 0.000624189 -1 -1 -1 -1 -1 -1 -1 -1 -1 -1 -1 -1 -1 -1
2 2 1 32 -1 -1 -1 -1 -1 -1 -1 -1 -1 -1 -1 -1 -1 -1 0.001619693 -1 -1 -1 -1 -1 -1 -1 -1 -1 -1 -1 -1 -1 -1
2 2 1 18 -1 -1 -1 -1 -1 -1 -1 -1 -1 -1 -1 -1 -1 -1 0.00012239 -1 -1 -1 -1 -1 -1 -1 -1 -1 -1 -1 -1 -1 -1
2 2 1 22 -1 -1 -1 -1 -1 -1 -1 -1 -1 -1 -1 -1 -1 -1 0.00085246 -1 -1 -1 -1 -1 -1 -1 -1 -1 -1 -1 -1 -1 -1
2 2 1 36 -1 -1 -1 -1 -1 -1 -1 -1 -1 -1 -1 -1 -1 -1 3.75e-05 -1 -1 -1 -1 -1 -1 -1 -1 -1 -1 -1 -1 -1 -1
2 2 1 38 -1 -1 -1 -1 -1 -1 -1 -1 -1 -1 -1 -1 -1 -1 0.000393255 -1 -1 -1 -1 -1 -1 -1 -1 -1 -1 -1 -1 -1 -1
2 2 1 22 -1 -1 -1 -1 -1 -1 -1 -1 -1 -1 -1 -1 -1 -1 1.95e-05 -1 -1 -1 -1 -1 -1 -1 -1 -1 -1 -1 -1 -1 -1
2 2 1 21 -1 -1 -1 -1 -1 -1 -1 -1 -1 -1 -1 -1 -1 -1 2.59e-05 -1 -1 -1 -1 -1 -1 -1 -1 -1 -1 -1 -1 -1 -1
2 2 1 21 -1 -1 -1 -1 -1 -1 -1 -1 -1 -1 -1 -1 -1 -1 0.00028904 -1 -1 -1 -1 -1 -1 -1 -1 -1 -1 -1 -1 -1 -1
2 2 1 32 -1 -1 -1 -1 -1 -1 -1 -1 -1 -1 -1 -1 -1 -1 0.000277519 -1 -1 -1 -1 -1 -1 -1 -1 -1 -1 -1 -1 -1 -1
2 2 1 24 -1 -1 -1 -1 -1 -1 -1 -1 -1 -1 -1 -1 -1 -1 0.000802425 -1 -1 -1 -1 -1 -1 -1 -1 -1 -1 -1 -1 -1 -1
2 2 1 33 -1 -1 -1 -1 -1 -1 -1 -1 -1 -1 -1 -1 -1 -1 0.000843208 -1 -1 -1 -1 -1 -1 -1 -1 -1 -1 -1 -1 -1 -1
2 2 1 26 -1 -1 -1 -1 -1 -1 -1 -1 -1 -1 -1 -1 -1 -1 0.000720197 -1 -1 -1 -1 -1 -1 -1 -1 -1 -1 -1 -1 -1 -1
2 2 1 34 -1 -1 -1 -1 -1 -1 -1 -1 -1 -1 -1 -1 -1 -1 0.00113264 -1 -1 -1 -1 -1 -1 -1 -1 -1 -1 -1 -1 -1 -1
2 2 1 33 -1 -1 -1 -1 -1 -1 -1 -1 -1 -1 -1 -1 -1 -1 0.001645924 -1 -1 -1 -1 -1 -1 -1 -1 -1 -1 -1 -1 -1 -1
2 2 1 29 -1 -1 -1 -1 -1 -1 -1 -1 -1 -1 -1 -1 -1 -1 0.003961264 -1 -1 -1 -1 -1 -1 -1 -1 -1 -1 -1 -1 -1 -1
2 2 1 20 -1 -1 -1 -1 -1 -1 -1 -1 -1 -1 -1 -1 -1 -1 0.000238734 -1 -1 -1 -1 -1 -1 -1 -1 -1 -1 -1 -1 -1 -1
2 2 1 23 -1 -1 -1 -1 -1 -1 -1 -1 -1 -1 -1 -1 -1 -1 0.000153734 -1 -1 -1 -1 -1 -1 -1 -1 -1 -1 -1 -1 -1 -1
2 2 1 28 -1 -1 -1 -1 -1 -1 -1 -1 -1 -1 -1 -1 -1 -1 6.85e-05 -1 -1 -1 -1 -1 -1 -1 -1 -1 -1 -1 -1 -1 -1
2 2 1 19 -1 -1 -1 -1 -1 -1 -1 -1 -1 -1 -1 -1 -1 -1 0.000283609 -1 -1 -1 -1 -1 -1 -1 -1 -1 -1 -1 -1 -1 -1
2 2 1 24 -1 -1 -1 -1 -1 -1 -1 -1 -1 -1 -1 -1 -1 -1 0.00029818 -1 -1 -1 -1 -1 -1 -1 -1 -1 -1 -1 -1 -1 -1
2 2 1 29 -1 -1 -1 -1 -1 -1 -1 -1 -1 -1 -1 -1 -1 -1 0.000276182 -1 -1 -1 -1 -1 -1 -1 -1 -1 -1 -1 -1 -1 -1
2 2 1 21 -1 -1 -1 -1 -1 -1 -1 -1 -1 -1 -1 -1 -1 -1 9.3e-05 -1 -1 -1 -1 -1 -1 -1 -1 -1 -1 -1 -1 -1 -1
2 2 1 24 -1 -1 -1 -1 -1 -1 -1 -1 -1 -1 -1 -1 -1 -1 0.000808187 -1 -1 -1 -1 -1 -1 -1 -1 -1 -1 -1 -1 -1 -1
2 2 1 27 -1 -1 -1 -1 -1 -1 -1 -1 -1 -1 -1 -1 -1 -1 0.000475995 -1 -1 -1 -1 -1 -1 -1 -1 -1 -1 -1 -1 -1 -1
2 2 1 22 -1 -1 -1 -1 -1 -1 -1 -1 -1 -1 -1 -1 -1 -1 0.000726325 -1 -1 -1 -1 -1 -1 -1 -1 -1 -1 -1 -1 -1 -1
2 2 1 23 -1 -1 -1 -1 -1 -1 -1 -1 -1 -1 -1 -1 -1 -1 0.000243618 -1 -1 -1 -1 -1 -1 -1 -1 -1 -1 -1 -1 -1 -1
2 2 1 21 -1 -1 -1 -1 -1 -1 -1 -1 -1 -1 -1 -1 -1 -1 0.000224467 -1 -1 -1 -1 -1 -1 -1 -1 -1 -1 -1 -1 -1 -1
2 2 1 23 -1 -1 -1 -1 -1 -1 -1 -1 -1 -1 -1 -1 -1 -1 9.86e-05 -1 -1 -1 -1 -1 -1 -1 -1 -1 -1 -1 -1 -1 -1
2 2 1 20 -1 -1 -1 -1 -1 -1 -1 -1 -1 -1 -1 -1 -1 -1 0.001114429 -1 -1 -1 -1 -1 -1 -1 -1 -1 -1 -1 -1 -1 -1
2 2 1 22 -1 -1 -1 -1 -1 -1 -1 -1 -1 -1 -1 -1 -1 -1 8.06e-05 -1 -1 -1 -1 -1 -1 -1 -1 -1 -1 -1 -1 -1 -1
2 2 1 23 -1 -1 -1 -1 -1 -1 -1 -1 -1 -1 -1 -1 -1 -1 0.000711341 -1 -1 -1 -1 -1 -1 -1 -1 -1 -1 -1 -1 -1 -1
2 2 1 31 -1 -1 -1 -1 -1 -1 -1 -1 -1 -1 -1 -1 -1 -1 0.000444136 -1 -1 -1 -1 -1 -1 -1 -1 -1 -1 -1 -1 -1 -1
2 2 1 34 -1 -1 -1 -1 -1 -1 -1 -1 -1 -1 -1 -1 -1 -1 1.95e-05 -1 -1 -1 -1 -1 -1 -1 -1 -1 -1 -1 -1 -1 -1
2 2 1 35 -1 -1 -1 -1 -1 -1 -1 -1 -1 -1 -1 -1 -1 -1 0.000761349 -1 -1 -1 -1 -1 -1 -1 -1 -1 -1 -1 -1 -1 -1
2 2 1 15 -1 -1 -1 -1 -1 -1 -1 -1 -1 -1 -1 -1 -1 -1 0.000115616 -1 -1 -1 -1 -1 -1 -1 -1 -1 -1 -1 -1 -1 -1
2 2 1 21 -1 -1 -1 -1 -1 -1 -1 -1 -1 -1 -1 -1 -1 -1 0.000311261 -1 -1 -1 -1 -1 -1 -1 -1 -1 -1 -1 -1 -1 -1
2 2 1 23 -1 -1 -1 -1 -1 -1 -1 -1 -1 -1 -1 -1 -1 -1 0.000537146 -1 -1 -1 -1 -1 -1 -1 -1 -1 -1 -1 -1 -1 -1
2 2 1 23 -1 -1 -1 -1 -1 -1 -1 -1 -1 -1 -1 -1 -1 -1 5.79e-05 -1 -1 -1 -1 -1 -1 -1 -1 -1 -1 -1 -1 -1 -1
2 2 1 20 -1 -1 -1 -1 -1 -1 -1 -1 -1 -1 -1 -1 -1 -1 0.000139326 -1 -1 -1 -1 -1 -1 -1 -1 -1 -1 -1 -1 -1 -1
2 2 1 28 -1 -1 -1 -1 -1 -1 -1 -1 -1 -1 -1 -1 -1 -1 0.001618469 -1 -1 -1 -1 -1 -1 -1 -1 -1 -1 -1 -1 -1 -1
2 2 1 31 -1 -1 -1 -1 -1 -1 -1 -1 -1 -1 -1 -1 -1 -1 0.000214069 -1 -1 -1 -1 -1 -1 -1 -1 -1 -1 -1 -1 -1 -1
2 2 1 24 -1 -1 -1 -1 -1 -1 -1 -1 -1 -1 -1 -1 -1 -1 0.000517647 -1 -1 -1 -1 -1 -1 -1 -1 -1 -1 -1 -1 -1 -1
2 2 1 23 -1 -1 -1 -1 -1 -1 -1 -1 -1 -1 -1 -1 -1 -1 0.00049501 -1 -1 -1 -1 -1 -1 -1 -1 -1 -1 -1 -1 -1 -1
2 2 1 23 -1 -1 -1 -1 -1 -1 -1 -1 -1 -1 -1 -1 -1 -1 0.00026724 -1 -1 -1 -1 -1 -1 -1 -1 -1 -1 -1 -1 -1 -1
2 2 1 25 -1 -1 -1 -1 -1 -1 -1 -1 -1 -1 -1 -1 -1 -1 0.000762106 -1 -1 -1 -1 -1 -1 -1 -1 -1 -1 -1 -1 -1 -1
2 2 1 28 -1 -1 -1 -1 -1 -1 -1 -1 -1 -1 -1 -1 -1 -1 0.000998277 -1 -1 -1 -1 -1 -1 -1 -1 -1 -1 -1 -1 -1 -1
2 2 1 23 -1 -1 -1 -1 -1 -1 -1 -1 -1 -1 -1 -1 -1 -1 0.001114429 -1 -1 -1 -1 -1 -1 -1 -1 -1 -1 -1 -1 -1 -1
2 2 1 23 -1 -1 -1 -1 -1 -1 -1 -1 -1 -1 -1 -1 -1 -1 0.000329553 -1 -1 -1 -1 -1 -1 -1 -1 -1 -1 -1 -1 -1 -1
2 2 1 27 -1 -1 -1 -1 -1 -1 -1 -1 -1 -1 -1 -1 -1 -1 0.000533203 -1 -1 -1 -1 -1 -1 -1 -1 -1 -1 -1 -1 -1 -1
2 2 1 29 -1 -1 -1 -1 -1 -1 -1 -1 -1 -1 -1 -1 -1 -1 0.000109385 -1 -1 -1 -1 -1 -1 -1 -1 -1 -1 -1 -1 -1 -1
2 2 1 22 -1 -1 -1 -1 -1 -1 -1 -1 -1 -1 -1 -1 -1 -1 4.61e-05 -1 -1 -1 -1 -1 -1 -1 -1 -1 -1 -1 -1 -1 -1
2 2 1 38 -1 -1 -1 -1 -1 -1 -1 -1 -1 -1 -1 -1 -1 -1 0.000163315 -1 -1 -1 -1 -1 -1 -1 -1 -1 -1 -1 -1 -1 -1
2 2 1 27 -1 -1 -1 -1 -1 -1 -1 -1 -1 -1 -1 -1 -1 -1 0.001011731 -1 -1 -1 -1 -1 -1 -1 -1 -1 -1 -1 -1 -1 -1
2 2 1 20 -1 -1 -1 -1 -1 -1 -1 -1 -1 -1 -1 -1 -1 -1 0.000242297 -1 -1 -1 -1 -1 -1 -1 -1 -1 -1 -1 -1 -1 -1
2 2 1 24 -1 -1 -1 -1 -1 -1 -1 -1 -1 -1 -1 -1 -1 -1 0.000357862 -1 -1 -1 -1 -1 -1 -1 -1 -1 -1 -1 -1 -1 -1
2 2 1 24 -1 -1 -1 -1 -1 -1 -1 -1 -1 -1 -1 -1 -1 -1 0.000310383 -1 -1 -1 -1 -1 -1 -1 -1 -1 -1 -1 -1 -1 -1
2 2 1 20 -1 -1 -1 -1 -1 -1 -1 -1 -1 -1 -1 -1 -1 -1 0.000223746 -1 -1 -1 -1 -1 -1 -1 -1 -1 -1 -1 -1 -1 -1
2 2 1 19 -1 -1 -1 -1 -1 -1 -1 -1 -1 -1 -1 -1 -1 -1 0.000232083 -1 -1 -1 -1 -1 -1 -1 -1 -1 -1 -1 -1 -1 -1
2 2 1 22 -1 -1 -1 -1 -1 -1 -1 -1 -1 -1 -1 -1 -1 -1 7.06e-05 -1 -1 -1 -1 -1 -1 -1 -1 -1 -1 -1 -1 -1 -1
2 2 1 22 -1 -1 -1 -1 -1 -1 -1 -1 -1 -1 -1 -1 -1 -1 0.000316806 -1 -1 -1 -1 -1 -1 -1 -1 -1 -1 -1 -1 -1 -1
2 2 1 23 -1 -1 -1 -1 -1 -1 -1 -1 -1 -1 -1 -1 -1 -1 0.000249438 -1 -1 -1 -1 -1 -1 -1 -1 -1 -1 -1 -1 -1 -1
2 2 1 22 -1 -1 -1 -1 -1 -1 -1 -1 -1 -1 -1 -1 -1 -1 5.47e-05 -1 -1 -1 -1 -1 -1 -1 -1 -1 -1 -1 -1 -1 -1
2 2 1 24 -1 -1 -1 -1 -1 -1 -1 -1 -1 -1 -1 -1 -1 -1 0.000276315 -1 -1 -1 -1 -1 -1 -1 -1 -1 -1 -1 -1 -1 -1
2 2 1 23 -1 -1 -1 -1 -1 -1 -1 -1 -1 -1 -1 -1 -1 -1 0.000398035 -1 -1 -1 -1 -1 -1 -1 -1 -1 -1 -1 -1 -1 -1
3 2 1 15 -1 -1 -1 -1 -1 -1 -1 -1 -1 -1 -1 -1 -1 -1 2.65e-05 -1 -1 -1 -1 -1 -1 -1 -1 -1 -1 -1 -1 -1 -1
3 2 1 10 -1 -1 -1 -1 -1 -1 -1 -1 -1 -1 -1 -1 -1 -1 1.95e-05 -1 -1 -1 -1 -1 -1 -1 -1 -1 -1 -1 -1 -1 -1
3 2 2 25 28 -1 -1 -1 -1 -1 -1 -1 -1 -1 -1 -1 -1 -1 0.000196329 0.000863016 -1 -1 -1 -1 -1 -1 -1 -1 -1 -1 -1 -1 -1
3 2 2 22 -1 -1 -1 -1 -1 -1 -1 -1 -1 -1 -1 -1 -1 -1 0.00011878 -1 -1 -1 -1 -1 -1 -1 -1 -1 -1 -1 -1 -1 -1
3 2 2 24 27 -1 -1 -1 -1 -1 -1 -1 -1 -1 -1 -1 -1 -1 6.2e-05 0.000415834 -1 -1 -1 -1 -1 -1 -1 -1 -1 -1 -1 -1 -1
3 2 1 11 -1 -1 -1 -1 -1 -1 -1 -1 -1 -1 -1 -1 -1 -1 3.67e-05 -1 -1 -1 -1 -1 -1 -1 -1 -1 -1 -1 -1 -1 -1
3 2 2 15 -1 -1 -1 -1 -1 -1 -1 -1 -1 -1 -1 -1 -1 -1 0.000110614 -1 -1 -1 -1 -1 -1 -1 -1 -1 -1 -1 -1 -1 -1
3 2 2 24 26 -1 -1 -1 -1 -1 -1 -1 -1 -1 -1 -1 -1 -1 2.64e-05 0.00031598 -1 -1 -1 -1 -1 -1 -1 -1 -1 -1 -1 -1 -1
3 2 1 16 23 -1 -1 -1 -1 -1 -1 -1 -1 -1 -1 -1 -1 -1 0.000391684 0.004048788 -1 -1 -1 -1 -1 -1 -1 -1 -1 -1 -1 -1 -1
3 2 1 11 -1 -1 -1 -1 -1 -1 -1 -1 -1 -1 -1 -1 -1 -1 1.95e-05 -1 -1 -1 -1 -1 -1 -1 -1 -1 -1 -1 -1 -1 -1
3 2 2 15 19 -1 -1 -1 -1 -1 -1 -1 -1 -1 -1 -1 -1 -1 0.000203696 0.005630841 -1 -1 -1 -1 -1 -1 -1 -1 -1 -1 -1 -1 -1
3 2 2 26 33 -1 -1 -1 -1 -1 -1 -1 -1 -1 -1 -1 -1 -1 1.95e-05 0.003281317 -1 -1 -1 -1 -1 -1 -1 -1 -1 -1 -1 -1 -1
3 2 1 18 -1 -1 -1 -1 -1 -1 -1 -1 -1 -1 -1 -1 -1 -1 1.95e-05 -1 -1 -1 -1 -1 -1 -1 -1 -1 -1 -1 -1 -1 -1
3 2 2 26 29 -1 -1 -1 -1 -1 -1 -1 -1 -1 -1 -1 -1 -1 0.00047887 1.95e-05 -1 -1 -1 -1 -1 -1 -1 -1 -1 -1 -1 -1 -1
3 2 2 28 35 -1 -1 -1 -1 -1 -1 -1 -1 -1 -1 -1 -1 -1 3.06e-05 0.02 -1 -1 -1 -1 -1 -1 -1 -1 -1 -1 -1 -1 -1
3 2 2 22 -1 -1 -1 -1 -1 -1 -1 -1 -1 -1 -1 -1 -1 -1 2.51e-05 -1 -1 -1 -1 -1 -1 -1 -1 -1 -1 -1 -1 -1 -1
3 2 2 17 21 -1 -1 -1 -1 -1 -1 -1 -1 -1 -1 -1 -1 -1 0.000105002 1.95e-05 -1 -1 -1 -1 -1 -1 -1 -1 -1 -1 -1 -1 -1
3 2 2 21 -1 -1 -1 -1 -1 -1 -1 -1 -1 -1 -1 -1 -1 -1 0.007080385 -1 -1 -1 -1 -1 -1 -1 -1 -1 -1 -1 -1 -1 -1
3 2 2 19 -1 -1 -1 -1 -1 -1 -1 -1 -1 -1 -1 -1 -1 -1 0.000501418 -1 -1 -1 -1 -1 -1 -1 -1 -1 -1 -1 -1 -1 -1
3 2 2 17 -1 -1 -1 -1 -1 -1 -1 -1 -1 -1 -1 -1 -1 -1 2.89e-05 -1 -1 -1 -1 -1 -1 -1 -1 -1 -1 -1 -1 -1 -1
3 2 2 16 -1 -1 -1 -1 -1 -1 -1 -1 -1 -1 -1 -1 -1 -1 0.001042874 -1 -1 -1 -1 -1 -1 -1 -1 -1 -1 -1 -1 -1 -1
3 2 1 15 19 -1 -1 -1 -1 -1 -1 -1 -1 -1 -1 -1 -1 -1 0.000361302 2.16e-05 -1 -1 -1 -1 -1 -1 -1 -1 -1 -1 -1 -1 -1
3 2 2 17 -1 -1 -1 -1 -1 -1 -1 -1 -1 -1 -1 -1 -1 -1 1.95e-05 -1 -1 -1 -1 -1 -1 -1 -1 -1 -1 -1 -1 -1 -1
3 2 2 23 -1 -1 -1 -1 -1 -1 -1 -1 -1 -1 -1 -1 -1 -1 0.000486156 -1 -1 -1 -1 -1 -1 -1 -1 -1 -1 -1 -1 -1 -1
3 2 1 15 17 -1 -1 -1 -1 -1 -1 -1 -1 -1 -1 -1 -1 -1 1.95e-05 6.68e-05 -1 -1 -1 -1 -1 -1 -1 -1 -1 -1 -1 -1 -1
3 2 2 22 30 -1 -1 -1 -1 -1 -1 -1 -1 -1 -1 -1 -1 -1 1.95e-05 0.000546376 -1 -1 -1 -1 -1 -1 -1 -1 -1 -1 -1 -1 -1
3 2 1 13 15 -1 -1 -1 -1 -1 -1 -1 -1 -1 -1 -1 -1 -1 0.000287027 0.00066979 -1 -1 -1 -1 -1 -1 -1 -1 -1 -1 -1 -1 -1
3 2 2 22 -1 -1 -1 -1 -1 -1 -1 -1 -1 -1 -1 -1 -1 -1 0.000590034 -1 -1 -1 -1 -1 -1 -1 -1 -1 -1 -1 -1 -1 -1
3 2 1 16 -1 -1 -1 -1 -1 -1 -1 -1 -1 -1 -1 -1 -1 -1 0.00012097 -1 -1 -1 -1 -1 -1 -1 -1 -1 -1 -1 -1 -1 -1
3 2 2 15 -1 -1 -1 -1 -1 -1 -1 -1 -1 -1 -1 -1 -1 -1 0.000203467 -1 -1 -1 -1 -1 -1 -1 -1 -1 -1 -1 -1 -1 -1
3 2 1 14 -1 -1 -1 -1 -1 -1 -1 -1 -1 -1 -1 -1 -1 -1 1.95e-05 -1 -1 -1 -1 -1 -1 -1 -1 -1 -1 -1 -1 -1 -1
3 2 2 22 -1 -1 -1 -1 -1 -1 -1 -1 -1 -1 -1 -1 -1 -1 0.000219692 -1 -1 -1 -1 -1 -1 -1 -1 -1 -1 -1 -1 -1 -1
3 2 1 14 -1 -1 -1 -1 -1 -1 -1 -1 -1 -1 -1 -1 -1 -1 0.000154928 -1 -1 -1 -1 -1 -1 -1 -1 -1 -1 -1 -1 -1 -1
4 1 0 1000 -1 -1 -1 -1 -1 -1 -1 -1 -1 -1 -1 -1 -1 -1 1.95e-05 -1 -1 -1 -1 -1 -1 -1 -1 -1 -1 -1 -1 -1 -1
4 1 0 1000 -1 -1 -1 -1 -1 -1 -1 -1 -1 -1 -1 -1 -1 -1 2.19e-05 -1 -1 -1 -1 -1 -1 -1 -1 -1 -1 -1 -1 -1 -1
4 1 0 1000 -1 -1 -1 -1 -1 -1 -1 -1 -1 -1 -1 -1 -1 -1 1.95e-05 -1 -1 -1 -1 -1 -1 -1 -1 -1 -1 -1 -1 -1 -1
4 1 0 1000 -1 -1 -1 -1 -1 -1 -1 -1 -1 -1 -1 -1 -1 -1 1.95e-05 -1 -1 -1 -1 -1 -1 -1 -1 -1 -1 -1 -1 -1 -1
4 1 0 1000 -1 -1 -1 -1 -1 -1 -1 -1 -1 -1 -1 -1 -1 -1 0.000108622 -1 -1 -1 -1 -1 -1 -1 -1 -1 -1 -1 -1 -1 -1
4 1 0 1000 -1 -1 -1 -1 -1 -1 -1 -1 -1 -1 -1 -1 -1 -1 1.95e-05 -1 -1 -1 -1 -1 -1 -1 -1 -1 -1 -1 -1 -1 -1
4 1 0 1000 -1 -1 -1 -1 -1 -1 -1 -1 -1 -1 -1 -1 -1 -1 1.95e-05 -1 -1 -1 -1 -1 -1 -1 -1 -1 -1 -1 -1 -1 -1
4 1 0 1000 -1 -1 -1 -1 -1 -1 -1 -1 -1 -1 -1 -1 -1 -1 1.95e-05 -1 -1 -1 -1 -1 -1 -1 -1 -1 -1 -1 -1 -1 -1
4 1 0 1000 -1 -1 -1 -1 -1 -1 -1 -1 -1 -1 -1 -1 -1 -1 1.95e-05 -1 -1 -1 -1 -1 -1 -1 -1 -1 -1 -1 -1 -1 -1
4 1 0 1000 -1 -1 -1 -1 -1 -1 -1 -1 -1 -1 -1 -1 -1 -1 1.95e-05 -1 -1 -1 -1 -1 -1 -1 -1 -1 -1 -1 -1 -1 -1
4 1 0 1000 -1 -1 -1 -1 -1 -1 -1 -1 -1 -1 -1 -1 -1 -1 1.95e-05 -1 -1 -1 -1 -1 -1 -1 -1 -1 -1 -1 -1 -1 -1
4 1 0 1000 -1 -1 -1 -1 -1 -1 -1 -1 -1 -1 -1 -1 -1 -1 1.95e-05 -1 -1 -1 -1 -1 -1 -1 -1 -1 -1 -1 -1 -1 -1
4 1 0 1000 -1 -1 -1 -1 -1 -1 -1 -1 -1 -1 -1 -1 -1 -1 1.95e-05 -1 -1 -1 -1 -1 -1 -1 -1 -1 -1 -1 -1 -1 -1
4 1 0 1000 -1 -1 -1 -1 -1 -1 -1 -1 -1 -1 -1 -1 -1 -1 1.95e-05 -1 -1 -1 -1 -1 -1 -1 -1 -1 -1 -1 -1 -1 -1
4 1 0 1000 -1 -1 -1 -1 -1 -1 -1 -1 -1 -1 -1 -1 -1 -1 1.95e-05 -1 -1 -1 -1 -1 -1 -1 -1 -1 -1 -1 -1 -1 -1
4 1 0 1000 -1 -1 -1 -1 -1 -1 -1 -1 -1 -1 -1 -1 -1 -1 1.95e-05 -1 -1 -1 -1 -1 -1 -1 -1 -1 -1 -1 -1 -1 -1
4 1 0 1000 -1 -1 -1 -1 -1 -1 -1 -1 -1 -1 -1 -1 -1 -1 1.95e-05 -1 -1 -1 -1 -1 -1 -1 -1 -1 -1 -1 -1 -1 -1
4 1 0 1000 -1 -1 -1 -1 -1 -1 -1 -1 -1 -1 -1 -1 -1 -1 7.38e-05 -1 -1 -1 -1 -1 -1 -1 -1 -1 -1 -1 -1 -1 -1
4 1 0 1000 -1 -1 -1 -1 -1 -1 -1 -1 -1 -1 -1 -1 -1 -1 1.95e-05 -1 -1 -1 -1 -1 -1 -1 -1 -1 -1 -1 -1 -1 -1
4 1 0 1000 -1 -1 -1 -1 -1 -1 -1 -1 -1 -1 -1 -1 -1 -1 1.95e-05 -1 -1 -1 -1 -1 -1 -1 -1 -1 -1 -1 -1 -1 -1
4 1 0 1000 -1 -1 -1 -1 -1 -1 -1 -1 -1 -1 -1 -1 -1 -1 1.95e-05 -1 -1 -1 -1 -1 -1 -1 -1 -1 -1 -1 -1 -1 -1
4 1 0 1000 -1 -1 -1 -1 -1 -1 -1 -1 -1 -1 -1 -1 -1 -1 1.95e-05 -1 -1 -1 -1 -1 -1 -1 -1 -1 -1 -1 -1 -1 -1
4 1 0 1000 -1 -1 -1 -1 -1 -1 -1 -1 -1 -1 -1 -1 -1 -1 1.95e-05 -1 -1 -1 -1 -1 -1 -1 -1 -1 -1 -1 -1 -1 -1
4 1 0 1000 -1 -1 -1 -1 -1 -1 -1 -1 -1 -1 -1 -1 -1 -1 1.95e-05 -1 -1 -1 -1 -1 -1 -1 -1 -1 -1 -1 -1 -1 -1
4 1 0 1000 -1 -1 -1 -1 -1 -1 -1 -1 -1 -1 -1 -1 -1 -1 1.95e-05 -1 -1 -1 -1 -1 -1 -1 -1 -1 -1 -1 -1 -1 -1
4 1 0 1000 -1 -1 -1 -1 -1 -1 -1 -1 -1 -1 -1 -1 -1 -1 1.95e-05 -1 -1 -1 -1 -1 -1 -1 -1 -1 -1 -1 -1 -1 -1
4 1 0 1000 -1 -1 -1 -1 -1 -1 -1 -1 -1 -1 -1 -1 -1 -1 1.95e-05 -1 -1 -1 -1 -1 -1 -1 -1 -1 -1 -1 -1 -1 -1
4 1 0 1000 -1 -1 -1 -1 -1 -1 -1 -1 -1 -1 -1 -1 -1 -1 1.95e-05 -1 -1 -1 -1 -1 -1 -1 -1 -1 -1 -1 -1 -1 -1
4 1 0 1000 -1 -1 -1 -1 -1 -1 -1 -1 -1 -1 -1 -1 -1 -1 1.95e-05 -1 -1 -1 -1 -1 -1 -1 -1 -1 -1 -1 -1 -1 -1
4 1 0 1000 -1 -1 -1 -1 -1 -1 -1 -1 -1 -1 -1 -1 -1 -1 1.95e-05 -1 -1 -1 -1 -1 -1 -1 -1 -1 -1 -1 -1 -1 -1
4 1 0 1000 -1 -1 -1 -1 -1 -1 -1 -1 -1 -1 -1 -1 -1 -1 1.95e-05 -1 -1 -1 -1 -1 -1 -1 -1 -1 -1 -1 -1 -1 -1
4 1 0 1000 -1 -1 -1 -1 -1 -1 -1 -1 -1 -1 -1 -1 -1 -1 1.95e-05 -1 -1 -1 -1 -1 -1 -1 -1 -1 -1 -1 -1 -1 -1
4 1 0 1000 -1 -1 -1 -1 -1 -1 -1 -1 -1 -1 -1 -1 -1 -1 1.95e-05 -1 -1 -1 -1 -1 -1 -1 -1 -1 -1 -1 -1 -1 -1
4 1 0 1000 -1 -1 -1 -1 -1 -1 -1 -1 -1 -1 -1 -1 -1 -1 1.95e-05 -1 -1 -1 -1 -1 -1 -1 -1 -1 -1 -1 -1 -1 -1
4 1 0 1000 -1 -1 -1 -1 -1 -1 -1 -1 -1 -1 -1 -1 -1 -1 1.95e-05 -1 -1 -1 -1 -1 -1 -1 -1 -1 -1 -1 -1 -1 -1
4 1 0 1000 -1 -1 -1 -1 -1 -1 -1 -1 -1 -1 -1 -1 -1 -1 1.95e-05 -1 -1 -1 -1 -1 -1 -1 -1 -1 -1 -1 -1 -1 -1
4 1 0 1000 -1 -1 -1 -1 -1 -1 -1 -1 -1 -1 -1 -1 -1 -1 1.95e-05 -1 -1 -1 -1 -1 -1 -1 -1 -1 -1 -1 -1 -1 -1
4 1 0 1000 -1 -1 -1 -1 -1 -1 -1 -1 -1 -1 -1 -1 -1 -1 1.95e-05 -1 -1 -1 -1 -1 -1 -1 -1 -1 -1 -1 -1 -1 -1
4 1 0 1000 -1 -1 -1 -1 -1 -1 -1 -1 -1 -1 -1 -1 -1 -1 1.95e-05 -1 -1 -1 -1 -1 -1 -1 -1 -1 -1 -1 -1 -1 -1
4 1 0 1000 -1 -1 -1 -1 -1 -1 -1 -1 -1 -1 -1 -1 -1 -1 1.95e-05 -1 -1 -1 -1 -1 -1 -1 -1 -1 -1 -1 -1 -1 -1
4 1 0 1000 -1 -1 -1 -1 -1 -1 -1 -1 -1 -1 -1 -1 -1 -1 1.95e-05 -1 -1 -1 -1 -1 -1 -1 -1 -1 -1 -1 -1 -1 -1
4 1 0 1000 -1 -1 -1 -1 -1 -1 -1 -1 -1 -1 -1 -1 -1 -1 1.95e-05 -1 -1 -1 -1 -1 -1 -1 -1 -1 -1 -1 -1 -1 -1
4 1 0 1000 -1 -1 -1 -1 -1 -1 -1 -1 -1 -1 -1 -1 -1 -1 1.95e-05 -1 -1 -1 -1 -1 -1 -1 -1 -1 -1 -1 -1 -1 -1
4 1 0 1000 -1 -1 -1 -1 -1 -1 -1 -1 -1 -1 -1 -1 -1 -1 1.95e-05 1.95e-05 -1 -1 -1 -1 -1 -1 -1 -1 -1 -1 -1 -1 -1
4 1 0 1000 -1 -1 -1 -1 -1 -1 -1 -1 -1 -1 -1 -1 -1 -1 1.95e-05 -1 -1 -1 -1 -1 -1 -1 -1 -1 -1 -1 -1 -1 -1
4 1 0 1000 -1 -1 -1 -1 -1 -1 -1 -1 -1 -1 -1 -1 -1 -1 1.95e-05 -1 -1 -1 -1 -1 -1 -1 -1 -1 -1 -1 -1 -1 -1
4 1 0 1000 -1 -1 -1 -1 -1 -1 -1 -1 -1 -1 -1 -1 -1 -1 1.95e-05 -1 -1 -1 -1 -1 -1 -1 -1 -1 -1 -1 -1 -1 -1
4 1 0 1000 -1 -1 -1 -1 -1 -1 -1 -1 -1 -1 -1 -1 -1 -1 1.95e-05 -1 -1 -1 -1 -1 -1 -1 -1 -1 -1 -1 -1 -1 -1
4 1 0 1000 -1 -1 -1 -1 -1 -1 -1 -1 -1 -1 -1 -1 -1 -1 1.95e-05 -1 -1 -1 -1 -1 -1 -1 -1 -1 -1 -1 -1 -1 -1
4 1 0 1000 -1 -1 -1 -1 -1 -1 -1 -1 -1 -1 -1 -1 -1 -1 1.95e-05 -1 -1 -1 -1 -1 -1 -1 -1 -1 -1 -1 -1 -1 -1
4 1 0 1000 -1 -1 -1 -1 -1 -1 -1 -1 -1 -1 -1 -1 -1 -1 1.95e-05 -1 -1 -1 -1 -1 -1 -1 -1 -1 -1 -1 -1 -1 -1
4 1 0 1000 -1 -1 -1 -1 -1 -1 -1 -1 -1 -1 -1 -1 -1 -1 1.95e-05 -1 -1 -1 -1 -1 -1 -1 -1 -1 -1 -1 -1 -1 -1
4 1 0 1000 -1 -1 -1 -1 -1 -1 -1 -1 -1 -1 -1 -1 -1 -1 1.95e-05 -1 -1 -1 -1 -1 -1 -1 -1 -1 -1 -1 -1 -1 -1
4 1 0 1000 -1 -1 -1 -1 -1 -1 -1 -1 -1 -1 -1 -1 -1 -1 1.95e-05 -1 -1 -1 -1 -1 -1 -1 -1 -1 -1 -1 -1 -1 -1
4 1 0 1000 -1 -1 -1 -1 -1 -1 -1 -1 -1 -1 -1 -1 -1 -1 1.95e-05 -1 -1 -1 -1 -1 -1 -1 -1 -1 -1 -1 -1 -1 -1
4 1 0 1000 -1 -1 -1 -1 -1 -1 -1 -1 -1 -1 -1 -1 -1 -1 1.95e-05 -1 -1 -1 -1 -1 -1 -1 -1 -1 -1 -1 -1 -1 -1
4 1 0 1000 -1 -1 -1 -1 -1 -1 -1 -1 -1 -1 -1 -1 -1 -1 1.95e-05 -1 -1 -1 -1 -1 -1 -1 -1 -1 -1 -1 -1 -1 -1
4 1 0 1000 -1 -1 -1 -1 -1 -1 -1 -1 -1 -1 -1 -1 -1 -1 1.95e-05 -1 -1 -1 -1 -1 -1 -1 -1 -1 -1 -1 -1 -1 -1
4 1 0 1000 -1 -1 -1 -1 -1 -1 -1 -1 -1 -1 -1 -1 -1 -1 1.95e-05 -1 -1 -1 -1 -1 -1 -1 -1 -1 -1 -1 -1 -1 -1
4 1 0 1000 -1 -1 -1 -1 -1 -1 -1 -1 -1 -1 -1 -1 -1 -1 8.35e-05 -1 -1 -1 -1 -1 -1 -1 -1 -1 -1 -1 -1 -1 -1
4 1 0 1000 -1 -1 -1 -1 -1 -1 -1 -1 -1 -1 -1 -1 -1 -1 1.95e-05 -1 -1 -1 -1 -1 -1 -1 -1 -1 -1 -1 -1 -1 -1
4 1 0 1000 -1 -1 -1 -1 -1 -1 -1 -1 -1 -1 -1 -1 -1 -1 1.95e-05 -1 -1 -1 -1 -1 -1 -1 -1 -1 -1 -1 -1 -1 -1
4 1 0 1000 -1 -1 -1 -1 -1 -1 -1 -1 -1 -1 -1 -1 -1 -1 1.95e-05 -1 -1 -1 -1 -1 -1 -1 -1 -1 -1 -1 -1 -1 -1
4 1 0 1000 -1 -1 -1 -1 -1 -1 -1 -1 -1 -1 -1 -1 -1 -1 1.95e-05 -1 -1 -1 -1 -1 -1 -1 -1 -1 -1 -1 -1 -1 -1
4 1 0 1000 -1 -1 -1 -1 -1 -1 -1 -1 -1 -1 -1 -1 -1 -1 1.95e-05 -1 -1 -1 -1 -1 -1 -1 -1 -1 -1 -1 -1 -1 -1
4 1 0 1000 -1 -1 -1 -1 -1 -1 -1 -1 -1 -1 -1 -1 -1 -1 1.95e-05 -1 -1 -1 -1 -1 -1 -1 -1 -1 -1 -1 -1 -1 -1
4 1 0 1000 -1 -1 -1 -1 -1 -1 -1 -1 -1 -1 -1 -1 -1 -1 1.95e-05 -1 -1 -1 -1 -1 -1 -1 -1 -1 -1 -1 -1 -1 -1
4 1 0 1000 -1 -1 -1 -1 -1 -1 -1 -1 -1 -1 -1 -1 -1 -1 1.95e-05 -1 -1 -1 -1 -1 -1 -1 -1 -1 -1 -1 -1 -1 -1
5 1 0 1000 -1 -1 -1 -1 -1 -1 -1 -1 -1 -1 -1 -1 -1 -1 1.95e-05 -1 -1 -1 -1 -1 -1 -1 -1 -1 -1 -1 -1 -1 -1
5 1 0 1000 -1 -1 -1 -1 -1 -1 -1 -1 -1 -1 -1 -1 -1 -1 1.95e-05 -1 -1 -1 -1 -1 -1 -1 -1 -1 -1 -1 -1 -1 -1
5 1 0 1000 -1 -1 -1 -1 -1 -1 -1 -1 -1 -1 -1 -1 -1 -1 1.95e-05 -1 -1 -1 -1 -1 -1 -1 -1 -1 -1 -1 -1 -1 -1
5 1 0 1000 -1 -1 -1 -1 -1 -1 -1 -1 -1 -1 -1 -1 -1 -1 1.95e-05 -1 -1 -1 -1 -1 -1 -1 -1 -1 -1 -1 -1 -1 -1
5 1 0 1000 -1 -1 -1 -1 -1 -1 -1 -1 -1 -1 -1 -1 -1 -1 1.95e-05 -1 -1 -1 -1 -1 -1 -1 -1 -1 -1 -1 -1 -1 -1
5 1 0 1000 -1 -1 -1 -1 -1 -1 -1 -1 -1 -1 -1 -1 -1 -1 1.95e-05 -1 -1 -1 -1 -1 -1 -1 -1 -1 -1 -1 -1 -1 -1
5 1 0 1000 -1 -1 -1 -1 -1 -1 -1 -1 -1 -1 -1 -1 -1 -1 1.95e-05 -1 -1 -1 -1 -1 -1 -1 -1 -1 -1 -1 -1 -1 -1
5 1 0 1000 -1 -1 -1 -1 -1 -1 -1 -1 -1 -1 -1 -1 -1 -1 1.95e-05 -1 -1 -1 -1 -1 -1 -1 -1 -1 -1 -1 -1 -1 -1
5 1 0 1000 -1 -1 -1 -1 -1 -1 -1 -1 -1 -1 -1 -1 -1 -1 1.95e-05 -1 -1 -1 -1 -1 -1 -1 -1 -1 -1 -1 -1 -1 -1
5 1 0 1000 -1 -1 -1 -1 -1 -1 -1 -1 -1 -1 -1 -1 -1 -1 1.95e-05 -1 -1 -1 -1 -1 -1 -1 -1 -1 -1 -1 -1 -1 -1
5 1 0 1000 -1 -1 -1 -1 -1 -1 -1 -1 -1 -1 -1 -1 -1 -1 1.95e-05 -1 -1 -1 -1 -1 -1 -1 -1 -1 -1 -1 -1 -1 -1
5 1 0 1000 -1 -1 -1 -1 -1 -1 -1 -1 -1 -1 -1 -1 -1 -1 1.95e-05 -1 -1 -1 -1 -1 -1 -1 -1 -1 -1 -1 -1 -1 -1
5 1 0 1000 -1 -1 -1 -1 -1 -1 -1 -1 -1 -1 -1 -1 -1 -1 1.95e-05 -1 -1 -1 -1 -1 -1 -1 -1 -1 -1 -1 -1 -1 -1
5 1 0 1000 -1 -1 -1 -1 -1 -1 -1 -1 -1 -1 -1 -1 -1 -1 1.95e-05 -1 -1 -1 -1 -1 -1 -1 -1 -1 -1 -1 -1 -1 -1
5 1 0 1000 -1 -1 -1 -1 -1 -1 -1 -1 -1 -1 -1 -1 -1 -1 1.95e-05 -1 -1 -1 -1 -1 -1 -1 -1 -1 -1 -1 -1 -1 -1
5 1 0 1000 -1 -1 -1 -1 -1 -1 -1 -1 -1 -1 -1 -1 -1 -1 1.95e-05 -1 -1 -1 -1 -1 -1 -1 -1 -1 -1 -1 -1 -1 -1
5 1 0 1000 -1 -1 -1 -1 -1 -1 -1 -1 -1 -1 -1 -1 -1 -1 1.95e-05 -1 -1 -1 -1 -1 -1 -1 -1 -1 -1 -1 -1 -1 -1
5 1 0 1000 -1 -1 -1 -1 -1 -1 -1 -1 -1 -1 -1 -1 -1 -1 1.95e-05 -1 -1 -1 -1 -1 -1 -1 -1 -1 -1 -1 -1 -1 -1
5 1 0 1000 -1 -1 -1 -1 -1 -1 -1 -1 -1 -1 -1 -1 -1 -1 1.95e-05 -1 -1 -1 -1 -1 -1 -1 -1 -1 -1 -1 -1 -1 -1
5 1 0 1000 -1 -1 -1 -1 -1 -1 -1 -1 -1 -1 -1 -1 -1 -1 1.95e-05 -1 -1 -1 -1 -1 -1 -1 -1 -1 -1 -1 -1 -1 -1
5 1 0 1000 -1 -1 -1 -1 -1 -1 -1 -1 -1 -1 -1 -1 -1 -1 1.95e-05 -1 -1 -1 -1 -1 -1 -1 -1 -1 -1 -1 -1 -1 -1
5 1 0 1000 -1 -1 -1 -1 -1 -1 -1 -1 -1 -1 -1 -1 -1 -1 1.95e-05 -1 -1 -1 -1 -1 -1 -1 -1 -1 -1 -1 -1 -1 -1
5 1 0 1000 -1 -1 -1 -1 -1 -1 -1 -1 -1 -1 -1 -1 -1 -1 1.95e-05 -1 -1 -1 -1 -1 -1 -1 -1 -1 -1 -1 -1 -1 -1
5 1 0 1000 -1 -1 -1 -1 -1 -1 -1 -1 -1 -1 -1 -1 -1 -1 1.95e-05 -1 -1 -1 -1 -1 -1 -1 -1 -1 -1 -1 -1 -1 -1
5 1 0 1000 -1 -1 -1 -1 -1 -1 -1 -1 -1 -1 -1 -1 -1 -1 1.95e-05 -1 -1 -1 -1 -1 -1 -1 -1 -1 -1 -1 -1 -1 -1
5 1 0 1000 -1 -1 -1 -1 -1 -1 -1 -1 -1 -1 -1 -1 -1 -1 1.95e-05 -1 -1 -1 -1 -1 -1 -1 -1 -1 -1 -1 -1 -1 -1
5 1 0 1000 -1 -1 -1 -1 -1 -1 -1 -1 -1 -1 -1 -1 -1 -1 1.95e-05 -1 -1 -1 -1 -1 -1 -1 -1 -1 -1 -1 -1 -1 -1
5 1 0 1000 -1 -1 -1 -1 -1 -1 -1 -1 -1 -1 -1 -1 -1 -1 1.95e-05 -1 -1 -1 -1 -1 -1 -1 -1 -1 -1 -1 -1 -1 -1
5 1 0 1000 -1 -1 -1 -1 -1 -1 -1 -1 -1 -1 -1 -1 -1 -1 1.95e-05 -1 -1 -1 -1 -1 -1 -1 -1 -1 -1 -1 -1 -1 -1
5 1 0 1000 -1 -1 -1 -1 -1 -1 -1 -1 -1 -1 -1 -1 -1 -1 1.95e-05 -1 -1 -1 -1 -1 -1 -1 -1 -1 -1 -1 -1 -1 -1
5 1 0 1000 -1 -1 -1 -1 -1 -1 -1 -1 -1 -1 -1 -1 -1 -1 1.95e-05 -1 -1 -1 -1 -1 -1 -1 -1 -1 -1 -1 -1 -1 -1
5 1 0 1000 -1 -1 -1 -1 -1 -1 -1 -1 -1 -1 -1 -1 -1 -1 1.95e-05 -1 -1 -1 -1 -1 -1 -1 -1 -1 -1 -1 -1 -1 -1
5 1 0 1000 -1 -1 -1 -1 -1 -1 -1 -1 -1 -1 -1 -1 -1 -1 1.95e-05 -1 -1 -1 -1 -1 -1 -1 -1 -1 -1 -1 -1 -1 -1
5 1 0 1000 -1 -1 -1 -1 -1 -1 -1 -1 -1 -1 -1 -1 -1 -1 1.95e-05 -1 -1 -1 -1 -1 -1 -1 -1 -1 -1 -1 -1 -1 -1
5 1 0 1000 -1 -1 -1 -1 -1 -1 -1 -1 -1 -1 -1 -1 -1 -1 1.95e-05 -1 -1 -1 -1 -1 -1 -1 -1 -1 -1 -1 -1 -1 -1
5 1 0 1000 -1 -1 -1 -1 -1 -1 -1 -1 -1 -1 -1 -1 -1 -1 1.95e-05 -1 -1 -1 -1 -1 -1 -1 -1 -1 -1 -1 -1 -1 -1
5 1 0 1000 -1 -1 -1 -1 -1 -1 -1 -1 -1 -1 -1 -1 -1 -1 1.95e-05 -1 -1 -1 -1 -1 -1 -1 -1 -1 -1 -1 -1 -1 -1
5 1 0 1000 -1 -1 -1 -1 -1 -1 -1 -1 -1 -1 -1 -1 -1 -1 1.95e-05 -1 -1 -1 -1 -1 -1 -1 -1 -1 -1 -1 -1 -1 -1
5 1 0 1000 -1 -1 -1 -1 -1 -1 -1 -1 -1 -1 -1 -1 -1 -1 1.95e-05 -1 -1 -1 -1 -1 -1 -1 -1 -1 -1 -1 -1 -1 -1
5 1 0 1000 -1 -1 -1 -1 -1 -1 -1 -1 -1 -1 -1 -1 -1 -1 1.95e-05 -1 -1 -1 -1 -1 -1 -1 -1 -1 -1 -1 -1 -1 -1
5 1 0 1000 -1 -1 -1 -1 -1 -1 -1 -1 -1 -1 -1 -1 -1 -1 1.95e-05 -1 -1 -1 -1 -1 -1 -1 -1 -1 -1 -1 -1 -1 -1
5 1 0 1000 -1 -1 -1 -1 -1 -1 -1 -1 -1 -1 -1 -1 -1 -1 1.95e-05 -1 -1 -1 -1 -1 -1 -1 -1 -1 -1 -1 -1 -1 -1
5 1 0 1000 -1 -1 -1 -1 -1 -1 -1 -1 -1 -1 -1 -1 -1 -1 1.95e-05 -1 -1 -1 -1 -1 -1 -1 -1 -1 -1 -1 -1 -1 -1
5 1 0 1000 -1 -1 -1 -1 -1 -1 -1 -1 -1 -1 -1 -1 -1 -1 1.95e-05 -1 -1 -1 -1 -1 -1 -1 -1 -1 -1 -1 -1 -1 -1
5 1 0 1000 -1 -1 -1 -1 -1 -1 -1 -1 -1 -1 -1 -1 -1 -1 1.95e-05 -1 -1 -1 -1 -1 -1 -1 -1 -1 -1 -1 -1 -1 -1
5 1 0 1000 -1 -1 -1 -1 -1 -1 -1 -1 -1 -1 -1 -1 -1 -1 1.95e-05 -1 -1 -1 -1 -1 -1 -1 -1 -1 -1 -1 -1 -1 -1
5 1 0 1000 -1 -1 -1 -1 -1 -1 -1 -1 -1 -1 -1 -1 -1 -1 1.95e-05 -1 -1 -1 -1 -1 -1 -1 -1 -1 -1 -1 -1 -1 -1
5 1 0 1000 -1 -1 -1 -1 -1 -1 -1 -1 -1 -1 -1 -1 -1 -1 1.95e-05 -1 -1 -1 -1 -1 -1 -1 -1 -1 -1 -1 -1 -1 -1
5 1 0 1000 -1 -1 -1 -1 -1 -1 -1 -1 -1 -1 -1 -1 -1 -1 1.95e-05 -1 -1 -1 -1 -1 -1 -1 -1 -1 -1 -1 -1 -1 -1
5 1 0 1000 -1 -1 -1 -1 -1 -1 -1 -1 -1 -1 -1 -1 -1 -1 1.95e-05 -1 -1 -1 -1 -1 -1 -1 -1 -1 -1 -1 -1 -1 -1
5 1 0 1000 -1 -1 -1 -1 -1 -1 -1 -1 -1 -1 -1 -1 -1 -1 1.95e-05 -1 -1 -1 -1 -1 -1 -1 -1 -1 -1 -1 -1 -1 -1
5 1 0 1000 -1 -1 -1 -1 -1 -1 -1 -1 -1 -1 -1 -1 -1 -1 1.95e-05 -1 -1 -1 -1 -1 -1 -1 -1 -1 -1 -1 -1 -1 -1
5 1 0 1000 -1 -1 -1 -1 -1 -1 -1 -1 -1 -1 -1 -1 -1 -1 1.95e-05 -1 -1 -1 -1 -1 -1 -1 -1 -1 -1 -1 -1 -1 -1
5 1 0 1000 -1 -1 -1 -1 -1 -1 -1 -1 -1 -1 -1 -1 -1 -1 1.95e-05 -1 -1 -1 -1 -1 -1 -1 -1 -1 -1 -1 -1 -1 -1
5 1 0 1000 -1 -1 -1 -1 -1 -1 -1 -1 -1 -1 -1 -1 -1 -1 1.95e-05 -1 -1 -1 -1 -1 -1 -1 -1 -1 -1 -1 -1 -1 -1
5 1 0 1000 -1 -1 -1 -1 -1 -1 -1 -1 -1 -1 -1 -1 -1 -1 2.27e-05 -1 -1 -1 -1 -1 -1 -1 -1 -1 -1 -1 -1 -1 -1
5 1 0 1000 -1 -1 -1 -1 -1 -1 -1 -1 -1 -1 -1 -1 -1 -1 1.95e-05 -1 -1 -1 -1 -1 -1 -1 -1 -1 -1 -1 -1 -1 -1
5 1 0 1000 -1 -1 -1 -1 -1 -1 -1 -1 -1 -1 -1 -1 -1 -1 1.95e-05 -1 -1 -1 -1 -1 -1 -1 -1 -1 -1 -1 -1 -1 -1
5 1 0 1000 -1 -1 -1 -1 -1 -1 -1 -1 -1 -1 -1 -1 -1 -1 1.95e-05 -1 -1 -1 -1 -1 -1 -1 -1 -1 -1 -1 -1 -1 -1
5 1 0 1000 -1 -1 -1 -1 -1 -1 -1 -1 -1 -1 -1 -1 -1 -1 1.95e-05 -1 -1 -1 -1 -1 -1 -1 -1 -1 -1 -1 -1 -1 -1
5 1 0 1000 -1 -1 -1 -1 -1 -1 -1 -1 -1 -1 -1 -1 -1 -1 1.95e-05 -1 -1 -1 -1 -1 -1 -1 -1 -1 -1 -1 -1 -1 -1
5 1 0 1000 -1 -1 -1 -1 -1 -1 -1 -1 -1 -1 -1 -1 -1 -1 1.95e-05 -1 -1 -1 -1 -1 -1 -1 -1 -1 -1 -1 -1 -1 -1
5 1 0 1000 -1 -1 -1 -1 -1 -1 -1 -1 -1 -1 -1 -1 -1 -1 1.95e-05 -1 -1 -1 -1 -1 -1 -1 -1 -1 -1 -1 -1 -1 -1
5 1 0 1000 -1 -1 -1 -1 -1 -1 -1 -1 -1 -1 -1 -1 -1 -1 1.95e-05 -1 -1 -1 -1 -1 -1 -1 -1 -1 -1 -1 -1 -1 -1
5 1 0 1000 -1 -1 -1 -1 -1 -1 -1 -1 -1 -1 -1 -1 -1 -1 1.95e-05 -1 -1 -1 -1 -1 -1 -1 -1 -1 -1 -1 -1 -1 -1
5 1 0 1000 -1 -1 -1 -1 -1 -1 -1 -1 -1 -1 -1 -1 -1 -1 1.95e-05 -1 -1 -1 -1 -1 -1 -1 -1 -1 -1 -1 -1 -1 -1
5 1 0 1000 -1 -1 -1 -1 -1 -1 -1 -1 -1 -1 -1 -1 -1 -1 1.95e-05 -1 -1 -1 -1 -1 -1 -1 -1 -1 -1 -1 -1 -1 -1
5 1 0 1000 -1 -1 -1 -1 -1 -1 -1 -1 -1 -1 -1 -1 -1 -1 1.95e-05 -1 -1 -1 -1 -1 -1 -1 -1 -1 -1 -1 -1 -1 -1
5 1 0 1000 -1 -1 -1 -1 -1 -1 -1 -1 -1 -1 -1 -1 -1 -1 1.95e-05 -1 -1 -1 -1 -1 -1 -1 -1 -1 -1 -1 -1 -1 -1
5 1 0 1000 -1 -1 -1 -1 -1 -1 -1 -1 -1 -1 -1 -1 -1 -1 1.95e-05 -1 -1 -1 -1 -1 -1 -1 -1 -1 -1 -1 -1 -1 -1
5 1 0 1000 -1 -1 -1 -1 -1 -1 -1 -1 -1 -1 -1 -1 -1 -1 1.95e-05 -1 -1 -1 -1 -1 -1 -1 -1 -1 -1 -1 -1 -1 -1
5 1 0 1000 -1 -1 -1 -1 -1 -1 -1 -1 -1 -1 -1 -1 -1 -1 1.95e-05 -1 -1 -1 -1 -1 -1 -1 -1 -1 -1 -1 -1 -1 -1
5 1 0 1000 -1 -1 -1 -1 -1 -1 -1 -1 -1 -1 -1 -1 -1 -1 1.95e-05 -1 -1 -1 -1 -1 -1 -1 -1 -1 -1 -1 -1 -1 -1
5 1 0 1000 -1 -1 -1 -1 -1 -1 -1 -1 -1 -1 -1 -1 -1 -1 1.95e-05 -1 -1 -1 -1 -1 -1 -1 -1 -1 -1 -1 -1 -1 -1
5 1 0 1000 -1 -1 -1 -1 -1 -1 -1 -1 -1 -1 -1 -1 -1 -1 1.95e-05 -1 -1 -1 -1 -1 -1 -1 -1 -1 -1 -1 -1 -1 -1
5 1 0 1000 -1 -1 -1 -1 -1 -1 -1 -1 -1 -1 -1 -1 -1 -1 1.95e-05 -1 -1 -1 -1 -1 -1 -1 -1 -1 -1 -1 -1 -1 -1
5 1 0 1000 -1 -1 -1 -1 -1 -1 -1 -1 -1 -1 -1 -1 -1 -1 1.95e-05 -1 -1 -1 -1 -1 -1 -1 -1 -1 -1 -1 -1 -1 -1
5 1 0 1000 -1 -1 -1 -1 -1 -1 -1 -1 -1 -1 -1 -1 -1 -1 1.95e-05 -1 -1 -1 -1 -1 -1 -1 -1 -1 -1 -1 -1 -1 -1
5 1 0 1000 -1 -1 -1 -1 -1 -1 -1 -1 -1 -1 -1 -1 -1 -1 1.95e-05 -1 -1 -1 -1 -1 -1 -1 -1 -1 -1 -1 -1 -1 -1
5 1 0 1000 -1 -1 -1 -1 -1 -1 -1 -1 -1 -1 -1 -1 -1 -1 1.95e-05 -1 -1 -1 -1 -1 -1 -1 -1 -1 -1 -1 -1 -1 -1
5 1 0 1000 -1 -1 -1 -1 -1 -1 -1 -1 -1 -1 -1 -1 -1 -1 1.95e-05 -1 -1 -1 -1 -1 -1 -1 -1 -1 -1 -1 -1 -1 -1
5 1 0 1000 -1 -1 -1 -1 -1 -1 -1 -1 -1 -1 -1 -1 -1 -1 1.95e-05 -1 -1 -1 -1 -1 -1 -1 -1 -1 -1 -1 -1 -1 -1
5 1 0 1000 -1 -1 -1 -1 -1 -1 -1 -1 -1 -1 -1 -1 -1 -1 1.95e-05 -1 -1 -1 -1 -1 -1 -1 -1 -1 -1 -1 -1 -1 -1
5 1 0 1000 -1 -1 -1 -1 -1 -1 -1 -1 -1 -1 -1 -1 -1 -1 1.95e-05 -1 -1 -1 -1 -1 -1 -1 -1 -1 -1 -1 -1 -1 -1
5 1 0 1000 -1 -1 -1 -1 -1 -1 -1 -1 -1 -1 -1 -1 -1 -1 1.95e-05 -1 -1 -1 -1 -1 -1 -1 -1 -1 -1 -1 -1 -1 -1
5 1 0 1000 -1 -1 -1 -1 -1 -1 -1 -1 -1 -1 -1 -1 -1 -1 1.95e-05 -1 -1 -1 -1 -1 -1 -1 -1 -1 -1 -1 -1 -1 -1
5 1 0 1000 -1 -1 -1 -1 -1 -1 -1 -1 -1 -1 -1 -1 -1 -1 1.95e-05 -1 -1 -1 -1 -1 -1 -1 -1 -1 -1 -1 -1 -1 -1
5 1 0 1000 -1 -1 -1 -1 -1 -1 -1 -1 -1 -1 -1 -1 -1 -1 1.95e-05 -1 -1 -1 -1 -1 -1 -1 -1 -1 -1 -1 -1 -1 -1
5 1 0 1000 -1 -1 -1 -1 -1 -1 -1 -1 -1 -1 -1 -1 -1 -1 2.41e-05 -1 -1 -1 -1 -1 -1 -1 -1 -1 -1 -1 -1 -1 -1
5 1 0 1000 -1 -1 -1 -1 -1 -1 -1 -1 -1 -1 -1 -1 -1 -1 1.95e-05 -1 -1 -1 -1 -1 -1 -1 -1 -1 -1 -1 -1 -1 -1
6 1 0 1000 -1 -1 -1 -1 -1 -1 -1 -1 -1 -1 -1 -1 -1 -1 1.95e-05 -1 -1 -1 -1 -1 -1 -1 -1 -1 -1 -1 -1 -1 -1
6 1 0 1000 -1 -1 -1 -1 -1 -1 -1 -1 -1 -1 -1 -1 -1 -1 1.95e-05 -1 -1 -1 -1 -1 -1 -1 -1 -1 -1 -1 -1 -1 -1
6 1 0 1000 -1 -1 -1 -1 -1 -1 -1 -1 -1 -1 -1 -1 -1 -1 1.95e-05 -1 -1 -1 -1 -1 -1 -1 -1 -1 -1 -1 -1 -1 -1
6 1 0 1000 -1 -1 -1 -1 -1 -1 -1 -1 -1 -1 -1 -1 -1 -1 1.95e-05 -1 -1 -1 -1 -1 -1 -1 -1 -1 -1 -1 -1 -1 -1
6 1 0 1000 -1 -1 -1 -1 -1 -1 -1 -1 -1 -1 -1 -1 -1 -1 1.95e-05 -1 -1 -1 -1 -1 -1 -1 -1 -1 -1 -1 -1 -1 -1
6 1 0 1000 -1 -1 -1 -1 -1 -1 -1 -1 -1 -1 -1 -1 -1 -1 1.95e-05 -1 -1 -1 -1 -1 -1 -1 -1 -1 -1 -1 -1 -1 -1
6 1 0 1000 -1 -1 -1 -1 -1 -1 -1 -1 -1 -1 -1 -1 -1 -1 1.95e-05 -1 -1 -1 -1 -1 -1 -1 -1 -1 -1 -1 -1 -1 -1
6 1 0 1000 -1 -1 -1 -1 -1 -1 -1 -1 -1 -1 -1 -1 -1 -1 1.95e-05 -1 -1 -1 -1 -1 -1 -1 -1 -1 -1 -1 -1 -1 -1
6 1 0 1000 -1 -1 -1 -1 -1 -1 -1 -1 -1 -1 -1 -1 -1 -1 1.95e-05 -1 -1 -1 -1 -1 -1 -1 -1 -1 -1 -1 -1 -1 -1
6 1 0 1000 -1 -1 -1 -1 -1 -1 -1 -1 -1 -1 -1 -1 -1 -1 1.95e-05 -1 -1 -1 -1 -1 -1 -1 -1 -1 -1 -1 -1 -1 -1
6 1 0 1000 -1 -1 -1 -1 -1 -1 -1 -1 -1 -1 -1 -1 -1 -1 1.95e-05 -1 -1 -1 -1 -1 -1 -1 -1 -1 -1 -1 -1 -1 -1
6 1 0 1000 -1 -1 -1 -1 -1 -1 -1 -1 -1 -1 -1 -1 -1 -1 1.95e-05 -1 -1 -1 -1 -1 -1 -1 -1 -1 -1 -1 -1 -1 -1
6 1 0 1000 -1 -1 -1 -1 -1 -1 -1 -1 -1 -1 -1 -1 -1 -1 1.95e-05 -1 -1 -1 -1 -1 -1 -1 -1 -1 -1 -1 -1 -1 -1
6 1 0 1000 -1 -1 -1 -1 -1 -1 -1 -1 -1 -1 -1 -1 -1 -1 1.95e-05 -1 -1 -1 -1 -1 -1 -1 -1 -1 -1 -1 -1 -1 -1
6 1 0 1000 -1 -1 -1 -1 -1 -1 -1 -1 -1 -1 -1 -1 -1 -1 1.95e-05 -1 -1 -1 -1 -1 -1 -1 -1 -1 -1 -1 -1 -1 -1
6 1 0 1000 -1 -1 -1 -1 -1 -1 -1 -1 -1 -1 -1 -1 -1 -1 1.95e-05 -1 -1 -1 -1 -1 -1 -1 -1 -1 -1 -1 -1 -1 -1
6 1 0 1000 -1 -1 -1 -1 -1 -1 -1 -1 -1 -1 -1 -1 -1 -1 1.95e-05 -1 -1 -1 -1 -1 -1 -1 -1 -1 -1 -1 -1 -1 -1
6 1 0 1000 -1 -1 -1 -1 -1 -1 -1 -1 -1 -1 -1 -1 -1 -1 1.95e-05 -1 -1 -1 -1 -1 -1 -1 -1 -1 -1 -1 -1 -1 -1
6 1 0 1000 -1 -1 -1 -1 -1 -1 -1 -1 -1 -1 -1 -1 -1 -1 1.95e-05 -1 -1 -1 -1 -1 -1 -1 -1 -1 -1 -1 -1 -1 -1
6 1 0 1000 -1 -1 -1 -1 -1 -1 -1 -1 -1 -1 -1 -1 -1 -1 1.95e-05 -1 -1 -1 -1 -1 -1 -1 -1 -1 -1 -1 -1 -1 -1
6 1 0 1000 -1 -1 -1 -1 -1 -1 -1 -1 -1 -1 -1 -1 -1 -1 1.95e-05 -1 -1 -1 -1 -1 -1 -1 -1 -1 -1 -1 -1 -1 -1
6 1 0 1000 -1 -1 -1 -1 -1 -1 -1 -1 -1 -1 -1 -1 -1 -1 1.95e-05 -1 -1 -1 -1 -1 -1 -1 -1 -1 -1 -1 -1 -1 -1
6 1 0 1000 -1 -1 -1 -1 -1 -1 -1 -1 -1 -1 -1 -1 -1 -1 1.95e-05 -1 -1 -1 -1 -1 -1 -1 -1 -1 -1 -1 -1 -1 -1
6 1 0 1000 -1 -1 -1 -1 -1 -1 -1 -1 -1 -1 -1 -1 -1 -1 1.95e-05 -1 -1 -1 -1 -1 -1 -1 -1 -1 -1 -1 -1 -1 -1
6 1 0 1000 -1 -1 -1 -1 -1 -1 -1 -1 -1 -1 -1 -1 -1 -1 1.95e-05 -1 -1 -1 -1 -1 -1 -1 -1 -1 -1 -1 -1 -1 -1
6 1 0 1000 -1 -1 -1 -1 -1 -1 -1 -1 -1 -1 -1 -1 -1 -1 1.95e-05 -1 -1 -1 -1 -1 -1 -1 -1 -1 -1 -1 -1 -1 -1
6 1 0 1000 -1 -1 -1 -1 -1 -1 -1 -1 -1 -1 -1 -1 -1 -1 1.95e-05 -1 -1 -1 -1 -1 -1 -1 -1 -1 -1 -1 -1 -1 -1
6 1 0 1000 -1 -1 -1 -1 -1 -1 -1 -1 -1 -1 -1 -1 -1 -1 1.95e-05 -1 -1 -1 -1 -1 -1 -1 -1 -1 -1 -1 -1 -1 -1
6 1 0 1000 -1 -1 -1 -1 -1 -1 -1 -1 -1 -1 -1 -1 -1 -1 1.95e-05 -1 -1 -1 -1 -1 -1 -1 -1 -1 -1 -1 -1 -1 -1
6 1 0 1000 -1 -1 -1 -1 -1 -1 -1 -1 -1 -1 -1 -1 -1 -1 1.95e-05 -1 -1 -1 -1 -1 -1 -1 -1 -1 -1 -1 -1 -1 -1
6 1 0 1000 -1 -1 -1 -1 -1 -1 -1 -1 -1 -1 -1 -1 -1 -1 1.95e-05 -1 -1 -1 -1 -1 -1 -1 -1 -1 -1 -1 -1 -1 -1
6 1 0 1000 -1 -1 -1 -1 -1 -1 -1 -1 -1 -1 -1 -1 -1 -1 1.95e-05 -1 -1 -1 -1 -1 -1 -1 -1 -1 -1 -1 -1 -1 -1
6 1 0 1000 -1 -1 -1 -1 -1 -1 -1 -1 -1 -1 -1 -1 -1 -1 1.95e-05 -1 -1 -1 -1 -1 -1 -1 -1 -1 -1 -1 -1 -1 -1
6 1 0 1000 -1 -1 -1 -1 -1 -1 -1 -1 -1 -1 -1 -1 -1 -1 1.95e-05 -1 -1 -1 -1 -1 -1 -1 -1 -1 -1 -1 -1 -1 -1
6 1 0 1000 -1 -1 -1 -1 -1 -1 -1 -1 -1 -1 -1 -1 -1 -1 1.95e-05 -1 -1 -1 -1 -1 -1 -1 -1 -1 -1 -1 -1 -1 -1
6 1 0 1000 -1 -1 -1 -1 -1 -1 -1 -1 -1 -1 -1 -1 -1 -1 1.95e-05 -1 -1 -1 -1 -1 -1 -1 -1 -1 -1 -1 -1 -1 -1
6 1 0 1000 -1 -1 -1 -1 -1 -1 -1 -1 -1 -1 -1 -1 -1 -1 1.95e-05 -1 -1 -1 -1 -1 -1 -1 -1 -1 -1 -1 -1 -1 -1
6 1 0 1000 -1 -1 -1 -1 -1 -1 -1 -1 -1 -1 -1 -1 -1 -1 1.95e-05 -1 -1 -1 -1 -1 -1 -1 -1 -1 -1 -1 -1 -1 -1
6 1 0 1000 -1 -1 -1 -1 -1 -1 -1 -1 -1 -1 -1 -1 -1 -1 1.95e-05 -1 -1 -1 -1 -1 -1 -1 -1 -1 -1 -1 -1 -1 -1
6 1 0 1000 -1 -1 -1 -1 -1 -1 -1 -1 -1 -1 -1 -1 -1 -1 1.95e-05 -1 -1 -1 -1 -1 -1 -1 -1 -1 -1 -1 -1 -1 -1
6 1 0 1000 -1 -1 -1 -1 -1 -1 -1 -1 -1 -1 -1 -1 -1 -1 1.95e-05 -1 -1 -1 -1 -1 -1 -1 -1 -1 -1 -1 -1 -1 -1
6 1 0 1000 -1 -1 -1 -1 -1 -1 -1 -1 -1 -1 -1 -1 -1 -1 1.95e-05 -1 -1 -1 -1 -1 -1 -1 -1 -1 -1 -1 -1 -1 -1
6 1 0 1000 -1 -1 -1 -1 -1 -1 -1 -1 -1 -1 -1 -1 -1 -1 1.95e-05 -1 -1 -1 -1 -1 -1 -1 -1 -1 -1 -1 -1 -1 -1
6 1 0 1000 -1 -1 -1 -1 -1 -1 -1 -1 -1 -1 -1 -1 -1 -1 1.95e-05 -1 -1 -1 -1 -1 -1 -1 -1 -1 -1 -1 -1 -1 -1
6 1 0 1000 -1 -1 -1 -1 -1 -1 -1 -1 -1 -1 -1 -1 -1 -1 1.95e-05 -1 -1 -1 -1 -1 -1 -1 -1 -1 -1 -1 -1 -1 -1
6 1 0 1000 -1 -1 -1 -1 -1 -1 -1 -1 -1 -1 -1 -1 -1 -1 1.95e-05 -1 -1 -1 -1 -1 -1 -1 -1 -1 -1 -1 -1 -1 -1
6 1 0 1000 -1 -1 -1 -1 -1 -1 -1 -1 -1 -1 -1 -1 -1 -1 1.95e-05 -1 -1 -1 -1 -1 -1 -1 -1 -1 -1 -1 -1 -1 -1
6 1 0 1000 -1 -1 -1 -1 -1 -1 -1 -1 -1 -1 -1 -1 -1 -1 1.95e-05 -1 -1 -1 -1 -1 -1 -1 -1 -1 -1 -1 -1 -1 -1
6 1 0 1000 -1 -1 -1 -1 -1 -1 -1 -1 -1 -1 -1 -1 -1 -1 1.95e-05 -1 -1 -1 -1 -1 -1 -1 -1 -1 -1 -1 -1 -1 -1
6 1 0 1000 -1 -1 -1 -1 -1 -1 -1 -1 -1 -1 -1 -1 -1 -1 1.95e-05 -1 -1 -1 -1 -1 -1 -1 -1 -1 -1 -1 -1 -1 -1
6 1 0 1000 -1 -1 -1 -1 -1 -1 -1 -1 -1 -1 -1 -1 -1 -1 1.95e-05 -1 -1 -1 -1 -1 -1 -1 -1 -1 -1 -1 -1 -1 -1
6 1 0 1000 -1 -1 -1 -1 -1 -1 -1 -1 -1 -1 -1 -1 -1 -1 1.95e-05 -1 -1 -1 -1 -1 -1 -1 -1 -1 -1 -1 -1 -1 -1
6 1 0 1000 -1 -1 -1 -1 -1 -1 -1 -1 -1 -1 -1 -1 -1 -1 1.95e-05 -1 -1 -1 -1 -1 -1 -1 -1 -1 -1 -1 -1 -1 -1
6 1 0 1000 -1 -1 -1 -1 -1 -1 -1 -1 -1 -1 -1 -1 -1 -1 1.95e-05 -1 -1 -1 -1 -1 -1 -1 -1 -1 -1 -1 -1 -1 -1
6 1 0 1000 -1 -1 -1 -1 -1 -1 -1 -1 -1 -1 -1 -1 -1 -1 1.95e-05 -1 -1 -1 -1 -1 -1 -1 -1 -1 -1 -1 -1 -1 -1
6 1 0 1000 -1 -1 -1 -1 -1 -1 -1 -1 -1 -1 -1 -1 -1 -1 1.95e-05 -1 -1 -1 -1 -1 -1 -1 -1 -1 -1 -1 -1 -1 -1
6 1 0 1000 -1 -1 -1 -1 -1 -1 -1 -1 -1 -1 -1 -1 -1 -1 1.95e-05 -1 -1 -1 -1 -1 -1 -1 -1 -1 -1 -1 -1 -1 -1
6 1 0 1000 -1 -1 -1 -1 -1 -1 -1 -1 -1 -1 -1 -1 -1 -1 1.95e-05 -1 -1 -1 -1 -1 -1 -1 -1 -1 -1 -1 -1 -1 -1
6 1 0 1000 -1 -1 -1 -1 -1 -1 -1 -1 -1 -1 -1 -1 -1 -1 1.95e-05 -1 -1 -1 -1 -1 -1 -1 -1 -1 -1 -1 -1 -1 -1
6 1 0 1000 -1 -1 -1 -1 -1 -1 -1 -1 -1 -1 -1 -1 -1 -1 1.95e-05 -1 -1 -1 -1 -1 -1 -1 -1 -1 -1 -1 -1 -1 -1
6 1 0 1000 -1 -1 -1 -1 -1 -1 -1 -1 -1 -1 -1 -1 -1 -1 1.95e-05 -1 -1 -1 -1 -1 -1 -1 -1 -1 -1 -1 -1 -1 -1
6 1 0 1000 -1 -1 -1 -1 -1 -1 -1 -1 -1 -1 -1 -1 -1 -1 1.95e-05 -1 -1 -1 -1 -1 -1 -1 -1 -1 -1 -1 -1 -1 -1
6 1 0 1000 -1 -1 -1 -1 -1 -1 -1 -1 -1 -1 -1 -1 -1 -1 1.95e-05 -1 -1 -1 -1 -1 -1 -1 -1 -1 -1 -1 -1 -1 -1
6 1 0 1000 -1 -1 -1 -1 -1 -1 -1 -1 -1 -1 -1 -1 -1 -1 1.95e-05 -1 -1 -1 -1 -1 -1 -1 -1 -1 -1 -1 -1 -1 -1
6 1 0 1000 -1 -1 -1 -1 -1 -1 -1 -1 -1 -1 -1 -1 -1 -1 1.95e-05 -1 -1 -1 -1 -1 -1 -1 -1 -1 -1 -1 -1 -1 -1
6 1 0 1000 -1 -1 -1 -1 -1 -1 -1 -1 -1 -1 -1 -1 -1 -1 1.95e-05 -1 -1 -1 -1 -1 -1 -1 -1 -1 -1 -1 -1 -1 -1
6 1 0 1000 -1 -1 -1 -1 -1 -1 -1 -1 -1 -1 -1 -1 -1 -1 1.95e-05 -1 -1 -1 -1 -1 -1 -1 -1 -1 -1 -1 -1 -1 -1
6 1 0 1000 -1 -1 -1 -1 -1 -1 -1 -1 -1 -1 -1 -1 -1 -1 1.95e-05 -1 -1 -1 -1 -1 -1 -1 -1 -1 -1 -1 -1 -1 -1
6 1 0 1000 -1 -1 -1 -1 -1 -1 -1 -1 -1 -1 -1 -1 -1 -1 1.95e-05 -1 -1 -1 -1 -1 -1 -1 -1 -1 -1 -1 -1 -1 -1
6 1 0 1000 -1 -1 -1 -1 -1 -1 -1 -1 -1 -1 -1 -1 -1 -1 1.95e-05 -1 -1 -1 -1 -1 -1 -1 -1 -1 -1 -1 -1 -1 -1
6 1 0 1000 -1 -1 -1 -1 -1 -1 -1 -1 -1 -1 -1 -1 -1 -1 1.95e-05 -1 -1 -1 -1 -1 -1 -1 -1 -1 -1 -1 -1 -1 -1
6 1 0 1000 -1 -1 -1 -1 -1 -1 -1 -1 -1 -1 -1 -1 -1 -1 1.95e-05 -1 -1 -1 -1 -1 -1 -1 -1 -1 -1 -1 -1 -1 -1
6 1 0 1000 -1 -1 -1 -1 -1 -1 -1 -1 -1 -1 -1 -1 -1 -1 1.95e-05 -1 -1 -1 -1 -1 -1 -1 -1 -1 -1 -1 -1 -1 -1
6 1 0 1000 -1 -1 -1 -1 -1 -1 -1 -1 -1 -1 -1 -1 -1 -1 1.95e-05 -1 -1 -1 -1 -1 -1 -1 -1 -1 -1 -1 -1 -1 -1
6 1 0 1000 -1 -1 -1 -1 -1 -1 -1 -1 -1 -1 -1 -1 -1 -1 1.95e-05 -1 -1 -1 -1 -1 -1 -1 -1 -1 -1 -1 -1 -1 -1
6 1 0 1000 -1 -1 -1 -1 -1 -1 -1 -1 -1 -1 -1 -1 -1 -1 1.95e-05 -1 -1 -1 -1 -1 -1 -1 -1 -1 -1 -1 -1 -1 -1
6 1 0 1000 -1 -1 -1 -1 -1 -1 -1 -1 -1 -1 -1 -1 -1 -1 1.95e-05 -1 -1 -1 -1 -1 -1 -1 -1 -1 -1 -1 -1 -1 -1
6 1 0 1000 -1 -1 -1 -1 -1 -1 -1 -1 -1 -1 -1 -1 -1 -1 1.95e-05 -1 -1 -1 -1 -1 -1 -1 -1 -1 -1 -1 -1 -1 -1
6 1 0 1000 -1 -1 -1 -1 -1 -1 -1 -1 -1 -1 -1 -1 -1 -1 1.95e-05 -1 -1 -1 -1 -1 -1 -1 -1 -1 -1 -1 -1 -1 -1
6 1 0 1000 -1 -1 -1 -1 -1 -1 -1 -1 -1 -1 -1 -1 -1 -1 1.95e-05 -1 -1 -1 -1 -1 -1 -1 -1 -1 -1 -1 -1 -1 -1
6 1 0 1000 -1 -1 -1 -1 -1 -1 -1 -1 -1 -1 -1 -1 -1 -1 1.95e-05 -1 -1 -1 -1 -1 -1 -1 -1 -1 -1 -1 -1 -1 -1
6 1 0 1000 -1 -1 -1 -1 -1 -1 -1 -1 -1 -1 -1 -1 -1 -1 1.95e-05 -1 -1 -1 -1 -1 -1 -1 -1 -1 -1 -1 -1 -1 -1
6 1 0 1000 -1 -1 -1 -1 -1 -1 -1 -1 -1 -1 -1 -1 -1 -1 1.95e-05 -1 -1 -1 -1 -1 -1 -1 -1 -1 -1 -1 -1 -1 -1
6 1 0 1000 -1 -1 -1 -1 -1 -1 -1 -1 -1 -1 -1 -1 -1 -1 1.95e-05 -1 -1 -1 -1 -1 -1 -1 -1 -1 -1 -1 -1 -1 -1
6 1 0 1000 -1 -1 -1 -1 -1 -1 -1 -1 -1 -1 -1 -1 -1 -1 1.95e-05 -1 -1 -1 -1 -1 -1 -1 -1 -1 -1 -1 -1 -1 -1
6 1 0 1000 -1 -1 -1 -1 -1 -1 -1 -1 -1 -1 -1 -1 -1 -1 1.95e-05 -1 -1 -1 -1 -1 -1 -1 -1 -1 -1 -1 -1 -1 -1
6 1 0 1000 -1 -1 -1 -1 -1 -1 -1 -1 -1 -1 -1 -1 -1 -1 1.95e-05 -1 -1 -1 -1 -1 -1 -1 -1 -1 -1 -1 -1 -1 -1
6 1 0 1000 -1 -1 -1 -1 -1 -1 -1 -1 -1 -1 -1 -1 -1 -1 1.95e-05 -1 -1 -1 -1 -1 -1 -1 -1 -1 -1 -1 -1 -1 -1
6 1 0 1000 -1 -1 -1 -1 -1 -1 -1 -1 -1 -1 -1 -1 -1 -1 1.95e-05 -1 -1 -1 -1 -1 -1 -1 -1 -1 -1 -1 -1 -1 -1
6 1 0 1000 -1 -1 -1 -1 -1 -1 -1 -1 -1 -1 -1 -1 -1 -1 1.95e-05 -1 -1 -1 -1 -1 -1 -1 -1 -1 -1 -1 -1 -1 -1
6 1 0 1000 -1 -1 -1 -1 -1 -1 -1 -1 -1 -1 -1 -1 -1 -1 1.95e-05 -1 -1 -1 -1 -1 -1 -1 -1 -1 -1 -1 -1 -1 -1
6 1 0 1000 -1 -1 -1 -1 -1 -1 -1 -1 -1 -1 -1 -1 -1 -1 1.95e-05 -1 -1 -1 -1 -1 -1 -1 -1 -1 -1 -1 -1 -1 -1
6 1 0 1000 -1 -1 -1 -1 -1 -1 -1 -1 -1 -1 -1 -1 -1 -1 1.95e-05 -1 -1 -1 -1 -1 -1 -1 -1 -1 -1 -1 -1 -1 -1
6 1 0 1000 -1 -1 -1 -1 -1 -1 -1 -1 -1 -1 -1 -1 -1 -1 2.31e-05 -1 -1 -1 -1 -1 -1 -1 -1 -1 -1 -1 -1 -1 -1
6 1 0 1000 -1 -1 -1 -1 -1 -1 -1 -1 -1 -1 -1 -1 -1 -1 1.95e-05 -1 -1 -1 -1 -1 -1 -1 -1 -1 -1 -1 -1 -1 -1
6 1 0 1000 -1 -1 -1 -1 -1 -1 -1 -1 -1 -1 -1 -1 -1 -1 1.95e-05 -1 -1 -1 -1 -1 -1 -1 -1 -1 -1 -1 -1 -1 -1
6 1 0 1000 -1 -1 -1 -1 -1 -1 -1 -1 -1 -1 -1 -1 -1 -1 1.95e-05 -1 -1 -1 -1 -1 -1 -1 -1 -1 -1 -1 -1 -1 -1
6 1 0 1000 -1 -1 -1 -1 -1 -1 -1 -1 -1 -1 -1 -1 -1 -1 1.95e-05 -1 -1 -1 -1 -1 -1 -1 -1 -1 -1 -1 -1 -1 -1
6 1 0 1000 -1 -1 -1 -1 -1 -1 -1 -1 -1 -1 -1 -1 -1 -1 1.95e-05 -1 -1 -1 -1 -1 -1 -1 -1 -1 -1 -1 -1 -1 -1
6 1 0 1000 -1 -1 -1 -1 -1 -1 -1 -1 -1 -1 -1 -1 -1 -1 1.95e-05 -1 -1 -1 -1 -1 -1 -1 -1 -1 -1 -1 -1 -1 -1
6 1 0 1000 -1 -1 -1 -1 -1 -1 -1 -1 -1 -1 -1 -1 -1 -1 1.95e-05 -1 -1 -1 -1 -1 -1 -1 -1 -1 -1 -1 -1 -1 -1
6 1 0 1000 -1 -1 -1 -1 -1 -1 -1 -1 -1 -1 -1 -1 -1 -1 1.95e-05 -1 -1 -1 -1 -1 -1 -1 -1 -1 -1 -1 -1 -1 -1
6 1 0 1000 -1 -1 -1 -1 -1 -1 -1 -1 -1 -1 -1 -1 -1 -1 1.95e-05 -1 -1 -1 -1 -1 -1 -1 -1 -1 -1 -1 -1 -1 -1
6 1 0 1000 -1 -1 -1 -1 -1 -1 -1 -1 -1 -1 -1 -1 -1 -1 1.95e-05 -1 -1 -1 -1 -1 -1 -1 -1 -1 -1 -1 -1 -1 -1
6 1 0 1000 -1 -1 -1 -1 -1 -1 -1 -1 -1 -1 -1 -1 -1 -1 1.95e-05 -1 -1 -1 -1 -1 -1 -1 -1 -1 -1 -1 -1 -1 -1
6 1 0 1000 -1 -1 -1 -1 -1 -1 -1 -1 -1 -1 -1 -1 -1 -1 1.95e-05 -1 -1 -1 -1 -1 -1 -1 -1 -1 -1 -1 -1 -1 -1
6 1 0 1000 -1 -1 -1 -1 -1 -1 -1 -1 -1 -1 -1 -1 -1 -1 1.95e-05 -1 -1 -1 -1 -1 -1 -1 -1 -1 -1 -1 -1 -1 -1
6 1 0 1000 -1 -1 -1 -1 -1 -1 -1 -1 -1 -1 -1 -1 -1 -1 1.95e-05 -1 -1 -1 -1 -1 -1 -1 -1 -1 -1 -1 -1 -1 -1
6 1 0 1000 -1 -1 -1 -1 -1 -1 -1 -1 -1 -1 -1 -1 -1 -1 1.95e-05 -1 -1 -1 -1 -1 -1 -1 -1 -1 -1 -1 -1 -1 -1
6 1 0 1000 -1 -1 -1 -1 -1 -1 -1 -1 -1 -1 -1 -1 -1 -1 1.95e-05 -1 -1 -1 -1 -1 -1 -1 -1 -1 -1 -1 -1 -1 -1
6 1 0 1000 -1 -1 -1 -1 -1 -1 -1 -1 -1 -1 -1 -1 -1 -1 1.95e-05 -1 -1 -1 -1 -1 -1 -1 -1 -1 -1 -1 -1 -1 -1
6 1 0 1000 -1 -1 -1 -1 -1 -1 -1 -1 -1 -1 -1 -1 -1 -1 1.95e-05 -1 -1 -1 -1 -1 -1 -1 -1 -1 -1 -1 -1 -1 -1
