1 2 2 14 16 18 20 22 24 -1 -1 -1 -1 -1 -1 -1 -1 -1 0.01426967 0.012522338 0.010774363 0.00977766 0.00969861 0.009292394 -1 -1 -1 -1 -1 -1 -1 -1 -1
1 2 2 9 12 12 13 14 15 16 16 17 18 19 20 21 22 23 0.000473151 0.000993676 0.002033128 0.001272088 0.001353336 0.002846455 0.005015238 0.003865952 0.003386267 0.005176682 0.004501762 0.004921286 0.004220474 0.003645961 0.002105965
1 2 2 8 9 11 13 15 17 -1 -1 -1 -1 -1 -1 -1 -1 -1 0.000238838 0.000562343 0.00153954 0.002587968 0.002845205 0.002606865 -1 -1 -1 -1 -1 -1 -1 -1 -1
1 2 2 3 5 7 9 11 13 15 -1 -1 -1 -1 -1 -1 -1 -1 4.52e-05 4.72e-05 5.33e-05 8.23e-05 0.000166476 0.000210579 0.00029098 -1 -1 -1 -1 -1 -1 -1 -1
2 2 1 21 -1 -1 -1 -1 -1 -1 -1 -1 -1 -1 -1 -1 -1 -1 0.000337098 -1 -1 -1 -1 -1 -1 -1 -1 -1 -1 -1 -1 -1 -1
2 2 1 36 -1 -1 -1 -1 -1 -1 -1 -1 -1 -1 -1 -1 -1 -1 0.00168626 -1 -1 -1 -1 -1 -1 -1 -1 -1 -1 -1 -1 -1 -1
2 2 1 38 -1 -1 -1 -1 -1 -1 -1 -1 -1 -1 -1 -1 -1 -1 0.00272528 -1 -1 -1 -1 -1 -1 -1 -1 -1 -1 -1 -1 -1 -1
2 2 1 22 -1 -1 -1 -1 -1 -1 -1 -1 -1 -1 -1 -1 -1 -1 0.000574141 -1 -1 -1 -1 -1 -1 -1 -1 -1 -1 -1 -1 -1 -1
2 2 1 32 -1 -1 -1 -1 -1 -1 -1 -1 -1 -1 -1 -1 -1 -1 0.000776573 -1 -1 -1 -1 -1 -1 -1 -1 -1 -1 -1 -1 -1 -1
2 2 1 28 -1 -1 -1 -1 -1 -1 -1 -1 -1 -1 -1 -1 -1 -1 0.000645673 -1 -1 -1 -1 -1 -1 -1 -1 -1 -1 -1 -1 -1 -1
2 2 1 27 -1 -1 -1 -1 -1 -1 -1 -1 -1 -1 -1 -1 -1 -1 0.001223498 -1 -1 -1 -1 -1 -1 -1 -1 -1 -1 -1 -1 -1 -1
2 2 1 33 -1 -1 -1 -1 -1 -1 -1 -1 -1 -1 -1 -1 -1 -1 0.002474547 -1 -1 -1 -1 -1 -1 -1 -1 -1 -1 -1 -1 -1 -1
2 2 1 29 -1 -1 -1 -1 -1 -1 -1 -1 -1 -1 -1 -1 -1 -1 0.016706364 -1 -1 -1 -1 -1 -1 -1 -1 -1 -1 -1 -1 -1 -1
2 2 1 18 -1 -1 -1 -1 -1 -1 -1 -1 -1 -1 -1 -1 -1 -1 0.000612809 -1 -1 -1 -1 -1 -1 -1 -1 -1 -1 -1 -1 -1 -1
2 2 1 16 -1 -1 -1 -1 -1 -1 -1 -1 -1 -1 -1 -1 -1 -1 0.000402608 -1 -1 -1 -1 -1 -1 -1 -1 -1 -1 -1 -1 -1 -1
2 2 1 38 -1 -1 -1 -1 -1 -1 -1 -1 -1 -1 -1 -1 -1 -1 0.003198641 -1 -1 -1 -1 -1 -1 -1 -1 -1 -1 -1 -1 -1 -1
2 2 1 22 -1 -1 -1 -1 -1 -1 -1 -1 -1 -1 -1 -1 -1 -1 0.001459584 -1 -1 -1 -1 -1 -1 -1 -1 -1 -1 -1 -1 -1 -1
2 2 1 26 -1 -1 -1 -1 -1 -1 -1 -1 -1 -1 -1 -1 -1 -1 0.000606848 -1 -1 -1 -1 -1 -1 -1 -1 -1 -1 -1 -1 -1 -1
2 2 1 22 -1 -1 -1 -1 -1 -1 -1 -1 -1 -1 -1 -1 -1 -1 0.002518417 -1 -1 -1 -1 -1 -1 -1 -1 -1 -1 -1 -1 -1 -1
2 2 1 23 -1 -1 -1 -1 -1 -1 -1 -1 -1 -1 -1 -1 -1 -1 0.000468464 -1 -1 -1 -1 -1 -1 -1 -1 -1 -1 -1 -1 -1 -1
2 2 1 24 -1 -1 -1 -1 -1 -1 -1 -1 -1 -1 -1 -1 -1 -1 0.001802479 -1 -1 -1 -1 -1 -1 -1 -1 -1 -1 -1 -1 -1 -1
2 2 1 23 -1 -1 -1 -1 -1 -1 -1 -1 -1 -1 -1 -1 -1 -1 0.000481644 -1 -1 -1 -1 -1 -1 -1 -1 -1 -1 -1 -1 -1 -1
2 2 1 22 -1 -1 -1 -1 -1 -1 -1 -1 -1 -1 -1 -1 -1 -1 0.002610564 -1 -1 -1 -1 -1 -1 -1 -1 -1 -1 -1 -1 -1 -1
2 2 1 15 -1 -1 -1 -1 -1 -1 -1 -1 -1 -1 -1 -1 -1 -1 0.000109351 -1 -1 -1 -1 -1 -1 -1 -1 -1 -1 -1 -1 -1 -1
2 2 1 23 -1 -1 -1 -1 -1 -1 -1 -1 -1 -1 -1 -1 -1 -1 0.000388512 -1 -1 -1 -1 -1 -1 -1 -1 -1 -1 -1 -1 -1 -1
2 2 1 21 -1 -1 -1 -1 -1 -1 -1 -1 -1 -1 -1 -1 -1 -1 0.000367152 -1 -1 -1 -1 -1 -1 -1 -1 -1 -1 -1 -1 -1 -1
2 2 1 22 -1 -1 -1 -1 -1 -1 -1 -1 -1 -1 -1 -1 -1 -1 0.000371118 -1 -1 -1 -1 -1 -1 -1 -1 -1 -1 -1 -1 -1 -1
2 2 1 32 -1 -1 -1 -1 -1 -1 -1 -1 -1 -1 -1 -1 -1 -1 0.000999791 -1 -1 -1 -1 -1 -1 -1 -1 -1 -1 -1 -1 -1 -1
2 2 1 24 -1 -1 -1 -1 -1 -1 -1 -1 -1 -1 -1 -1 -1 -1 0.003456144 -1 -1 -1 -1 -1 -1 -1 -1 -1 -1 -1 -1 -1 -1
2 2 1 21 -1 -1 -1 -1 -1 -1 -1 -1 -1 -1 -1 -1 -1 -1 0.000797948 -1 -1 -1 -1 -1 -1 -1 -1 -1 -1 -1 -1 -1 -1
2 2 1 21 -1 -1 -1 -1 -1 -1 -1 -1 -1 -1 -1 -1 -1 -1 0.002386109 -1 -1 -1 -1 -1 -1 -1 -1 -1 -1 -1 -1 -1 -1
2 2 1 28 -1 -1 -1 -1 -1 -1 -1 -1 -1 -1 -1 -1 -1 -1 0.001761913 -1 -1 -1 -1 -1 -1 -1 -1 -1 -1 -1 -1 -1 -1
2 2 1 29 -1 -1 -1 -1 -1 -1 -1 -1 -1 -1 -1 -1 -1 -1 0.002501069 -1 -1 -1 -1 -1 -1 -1 -1 -1 -1 -1 -1 -1 -1
2 2 1 29 -1 -1 -1 -1 -1 -1 -1 -1 -1 -1 -1 -1 -1 -1 0.001014002 -1 -1 -1 -1 -1 -1 -1 -1 -1 -1 -1 -1 -1 -1
2 2 1 28 -1 -1 -1 -1 -1 -1 -1 -1 -1 -1 -1 -1 -1 -1 0.00117676 -1 -1 -1 -1 -1 -1 -1 -1 -1 -1 -1 -1 -1 -1
2 2 1 21 -1 -1 -1 -1 -1 -1 -1 -1 -1 -1 -1 -1 -1 -1 0.00178097 -1 -1 -1 -1 -1 -1 -1 -1 -1 -1 -1 -1 -1 -1
2 2 1 23 -1 -1 -1 -1 -1 -1 -1 -1 -1 -1 -1 -1 -1 -1 0.000295962 -1 -1 -1 -1 -1 -1 -1 -1 -1 -1 -1 -1 -1 -1
2 2 1 27 -1 -1 -1 -1 -1 -1 -1 -1 -1 -1 -1 -1 -1 -1 0.001974783 -1 -1 -1 -1 -1 -1 -1 -1 -1 -1 -1 -1 -1 -1
2 2 1 24 -1 -1 -1 -1 -1 -1 -1 -1 -1 -1 -1 -1 -1 -1 0.001438102 -1 -1 -1 -1 -1 -1 -1 -1 -1 -1 -1 -1 -1 -1
2 2 1 34 -1 -1 -1 -1 -1 -1 -1 -1 -1 -1 -1 -1 -1 -1 0.004798553 -1 -1 -1 -1 -1 -1 -1 -1 -1 -1 -1 -1 -1 -1
2 2 1 32 -1 -1 -1 -1 -1 -1 -1 -1 -1 -1 -1 -1 -1 -1 0.006923629 -1 -1 -1 -1 -1 -1 -1 -1 -1 -1 -1 -1 -1 -1
2 2 1 23 -1 -1 -1 -1 -1 -1 -1 -1 -1 -1 -1 -1 -1 -1 0.001632446 -1 -1 -1 -1 -1 -1 -1 -1 -1 -1 -1 -1 -1 -1
2 2 1 34 -1 -1 -1 -1 -1 -1 -1 -1 -1 -1 -1 -1 -1 -1 0.006490714 -1 -1 -1 -1 -1 -1 -1 -1 -1 -1 -1 -1 -1 -1
2 2 1 29 -1 -1 -1 -1 -1 -1 -1 -1 -1 -1 -1 -1 -1 -1 0.000608834 -1 -1 -1 -1 -1 -1 -1 -1 -1 -1 -1 -1 -1 -1
2 2 1 27 -1 -1 -1 -1 -1 -1 -1 -1 -1 -1 -1 -1 -1 -1 0.001541105 -1 -1 -1 -1 -1 -1 -1 -1 -1 -1 -1 -1 -1 -1
2 2 1 26 -1 -1 -1 -1 -1 -1 -1 -1 -1 -1 -1 -1 -1 -1 0.001093539 -1 -1 -1 -1 -1 -1 -1 -1 -1 -1 -1 -1 -1 -1
2 2 1 25 -1 -1 -1 -1 -1 -1 -1 -1 -1 -1 -1 -1 -1 -1 0.002183552 -1 -1 -1 -1 -1 -1 -1 -1 -1 -1 -1 -1 -1 -1
2 2 1 30 -1 -1 -1 -1 -1 -1 -1 -1 -1 -1 -1 -1 -1 -1 0.000645673 -1 -1 -1 -1 -1 -1 -1 -1 -1 -1 -1 -1 -1 -1
2 2 1 20 -1 -1 -1 -1 -1 -1 -1 -1 -1 -1 -1 -1 -1 -1 0.000418178 -1 -1 -1 -1 -1 -1 -1 -1 -1 -1 -1 -1 -1 -1
2 2 1 15 -1 -1 -1 -1 -1 -1 -1 -1 -1 -1 -1 -1 -1 -1 0.000369578 -1 -1 -1 -1 -1 -1 -1 -1 -1 -1 -1 -1 -1 -1
2 2 1 16 -1 -1 -1 -1 -1 -1 -1 -1 -1 -1 -1 -1 -1 -1 0.000108603 -1 -1 -1 -1 -1 -1 -1 -1 -1 -1 -1 -1 -1 -1
2 2 1 26 -1 -1 -1 -1 -1 -1 -1 -1 -1 -1 -1 -1 -1 -1 0.000455237 -1 -1 -1 -1 -1 -1 -1 -1 -1 -1 -1 -1 -1 -1
2 2 1 22 -1 -1 -1 -1 -1 -1 -1 -1 -1 -1 -1 -1 -1 -1 0.000796929 -1 -1 -1 -1 -1 -1 -1 -1 -1 -1 -1 -1 -1 -1
2 2 1 28 -1 -1 -1 -1 -1 -1 -1 -1 -1 -1 -1 -1 -1 -1 0.002061469 -1 -1 -1 -1 -1 -1 -1 -1 -1 -1 -1 -1 -1 -1
2 2 1 24 -1 -1 -1 -1 -1 -1 -1 -1 -1 -1 -1 -1 -1 -1 0.002179106 -1 -1 -1 -1 -1 -1 -1 -1 -1 -1 -1 -1 -1 -1
2 2 1 23 -1 -1 -1 -1 -1 -1 -1 -1 -1 -1 -1 -1 -1 -1 0.000200264 -1 -1 -1 -1 -1 -1 -1 -1 -1 -1 -1 -1 -1 -1
2 2 1 21 -1 -1 -1 -1 -1 -1 -1 -1 -1 -1 -1 -1 -1 -1 0.000544518 -1 -1 -1 -1 -1 -1 -1 -1 -1 -1 -1 -1 -1 -1
2 2 1 27 -1 -1 -1 -1 -1 -1 -1 -1 -1 -1 -1 -1 -1 -1 0.002064799 -1 -1 -1 -1 -1 -1 -1 -1 -1 -1 -1 -1 -1 -1
2 2 1 35 -1 -1 -1 -1 -1 -1 -1 -1 -1 -1 -1 -1 -1 -1 0.001080213 -1 -1 -1 -1 -1 -1 -1 -1 -1 -1 -1 -1 -1 -1
2 2 1 31 -1 -1 -1 -1 -1 -1 -1 -1 -1 -1 -1 -1 -1 -1 0.001115457 -1 -1 -1 -1 -1 -1 -1 -1 -1 -1 -1 -1 -1 -1
2 2 1 18 -1 -1 -1 -1 -1 -1 -1 -1 -1 -1 -1 -1 -1 -1 1.95e-05 -1 -1 -1 -1 -1 -1 -1 -1 -1 -1 -1 -1 -1 -1
2 2 1 25 -1 -1 -1 -1 -1 -1 -1 -1 -1 -1 -1 -1 -1 -1 0.000420613 -1 -1 -1 -1 -1 -1 -1 -1 -1 -1 -1 -1 -1 -1
2 2 1 24 -1 -1 -1 -1 -1 -1 -1 -1 -1 -1 -1 -1 -1 -1 0.000246658 -1 -1 -1 -1 -1 -1 -1 -1 -1 -1 -1 -1 -1 -1
2 2 1 31 -1 -1 -1 -1 -1 -1 -1 -1 -1 -1 -1 -1 -1 -1 0.005391466 -1 -1 -1 -1 -1 -1 -1 -1 -1 -1 -1 -1 -1 -1
2 2 1 39 -1 -1 -1 -1 -1 -1 -1 -1 -1 -1 -1 -1 -1 -1 0.000244725 -1 -1 -1 -1 -1 -1 -1 -1 -1 -1 -1 -1 -1 -1
2 2 1 28 28 -1 -1 -1 -1 -1 -1 -1 -1 -1 -1 -1 -1 -1 0.002098629 0.002098629 -1 -1 -1 -1 -1 -1 -1 -1 -1 -1 -1 -1 -1
2 2 1 27 -1 -1 -1 -1 -1 -1 -1 -1 -1 -1 -1 -1 -1 -1 0.002146811 -1 -1 -1 -1 -1 -1 -1 -1 -1 -1 -1 -1 -1 -1
2 2 1 24 -1 -1 -1 -1 -1 -1 -1 -1 -1 -1 -1 -1 -1 -1 0.000992435 -1 -1 -1 -1 -1 -1 -1 -1 -1 -1 -1 -1 -1 -1
2 2 1 26 -1 -1 -1 -1 -1 -1 -1 -1 -1 -1 -1 -1 -1 -1 0.009984032 -1 -1 -1 -1 -1 -1 -1 -1 -1 -1 -1 -1 -1 -1
2 2 1 19 -1 -1 -1 -1 -1 -1 -1 -1 -1 -1 -1 -1 -1 -1 0.001037757 -1 -1 -1 -1 -1 -1 -1 -1 -1 -1 -1 -1 -1 -1
2 2 1 16 -1 -1 -1 -1 -1 -1 -1 -1 -1 -1 -1 -1 -1 -1 0.002580159 -1 -1 -1 -1 -1 -1 -1 -1 -1 -1 -1 -1 -1 -1
2 2 1 31 -1 -1 -1 -1 -1 -1 -1 -1 -1 -1 -1 -1 -1 -1 0.001071699 -1 -1 -1 -1 -1 -1 -1 -1 -1 -1 -1 -1 -1 -1
2 2 1 20 -1 -1 -1 -1 -1 -1 -1 -1 -1 -1 -1 -1 -1 -1 0.000480664 -1 -1 -1 -1 -1 -1 -1 -1 -1 -1 -1 -1 -1 -1
2 2 1 20 -1 -1 -1 -1 -1 -1 -1 -1 -1 -1 -1 -1 -1 -1 0.000823696 -1 -1 -1 -1 -1 -1 -1 -1 -1 -1 -1 -1 -1 -1
2 2 1 20 -1 -1 -1 -1 -1 -1 -1 -1 -1 -1 -1 -1 -1 -1 0.000676675 -1 -1 -1 -1 -1 -1 -1 -1 -1 -1 -1 -1 -1 -1
2 2 1 18 -1 -1 -1 -1 -1 -1 -1 -1 -1 -1 -1 -1 -1 -1 0.000544518 -1 -1 -1 -1 -1 -1 -1 -1 -1 -1 -1 -1 -1 -1
2 2 1 20 -1 -1 -1 -1 -1 -1 -1 -1 -1 -1 -1 -1 -1 -1 0.000540576 -1 -1 -1 -1 -1 -1 -1 -1 -1 -1 -1 -1 -1 -1
2 2 1 25 -1 -1 -1 -1 -1 -1 -1 -1 -1 -1 -1 -1 -1 -1 0.001969864 -1 -1 -1 -1 -1 -1 -1 -1 -1 -1 -1 -1 -1 -1
2 2 1 24 -1 -1 -1 -1 -1 -1 -1 -1 -1 -1 -1 -1 -1 -1 0.000230228 -1 -1 -1 -1 -1 -1 -1 -1 -1 -1 -1 -1 -1 -1
2 2 1 21 -1 -1 -1 -1 -1 -1 -1 -1 -1 -1 -1 -1 -1 -1 0.000204131 -1 -1 -1 -1 -1 -1 -1 -1 -1 -1 -1 -1 -1 -1
2 2 1 18 -1 -1 -1 -1 -1 -1 -1 -1 -1 -1 -1 -1 -1 -1 0.000515976 -1 -1 -1 -1 -1 -1 -1 -1 -1 -1 -1 -1 -1 -1
2 2 1 29 -1 -1 -1 -1 -1 -1 -1 -1 -1 -1 -1 -1 -1 -1 0.002303187 -1 -1 -1 -1 -1 -1 -1 -1 -1 -1 -1 -1 -1 -1
2 2 1 28 -1 -1 -1 -1 -1 -1 -1 -1 -1 -1 -1 -1 -1 -1 0.00016787 -1 -1 -1 -1 -1 -1 -1 -1 -1 -1 -1 -1 -1 -1
2 2 1 33 -1 -1 -1 -1 -1 -1 -1 -1 -1 -1 -1 -1 -1 -1 8.48e-05 -1 -1 -1 -1 -1 -1 -1 -1 -1 -1 -1 -1 -1 -1
2 2 1 13 -1 -1 -1 -1 -1 -1 -1 -1 -1 -1 -1 -1 -1 -1 0.000146103 -1 -1 -1 -1 -1 -1 -1 -1 -1 -1 -1 -1 -1 -1
2 2 1 24 -1 -1 -1 -1 -1 -1 -1 -1 -1 -1 -1 -1 -1 -1 0.006852335 -1 -1 -1 -1 -1 -1 -1 -1 -1 -1 -1 -1 -1 -1
2 2 1 21 -1 -1 -1 -1 -1 -1 -1 -1 -1 -1 -1 -1 -1 -1 0.000950042 -1 -1 -1 -1 -1 -1 -1 -1 -1 -1 -1 -1 -1 -1
2 2 1 15 -1 -1 -1 -1 -1 -1 -1 -1 -1 -1 -1 -1 -1 -1 8.33e-05 -1 -1 -1 -1 -1 -1 -1 -1 -1 -1 -1 -1 -1 -1
2 2 1 27 -1 -1 -1 -1 -1 -1 -1 -1 -1 -1 -1 -1 -1 -1 0.001334578 -1 -1 -1 -1 -1 -1 -1 -1 -1 -1 -1 -1 -1 -1
2 2 1 20 -1 -1 -1 -1 -1 -1 -1 -1 -1 -1 -1 -1 -1 -1 0.003130651 -1 -1 -1 -1 -1 -1 -1 -1 -1 -1 -1 -1 -1 -1
2 2 1 19 -1 -1 -1 -1 -1 -1 -1 -1 -1 -1 -1 -1 -1 -1 0.002276961 -1 -1 -1 -1 -1 -1 -1 -1 -1 -1 -1 -1 -1 -1
2 2 1 24 -1 -1 -1 -1 -1 -1 -1 -1 -1 -1 -1 -1 -1 -1 0.000507136 -1 -1 -1 -1 -1 -1 -1 -1 -1 -1 -1 -1 -1 -1
2 2 1 23 -1 -1 -1 -1 -1 -1 -1 -1 -1 -1 -1 -1 -1 -1 0.000217664 -1 -1 -1 -1 -1 -1 -1 -1 -1 -1 -1 -1 -1 -1
2 2 1 23 -1 -1 -1 -1 -1 -1 -1 -1 -1 -1 -1 -1 -1 -1 0.002876311 -1 -1 -1 -1 -1 -1 -1 -1 -1 -1 -1 -1 -1 -1
2 2 1 24 -1 -1 -1 -1 -1 -1 -1 -1 -1 -1 -1 -1 -1 -1 0.000386084 -1 -1 -1 -1 -1 -1 -1 -1 -1 -1 -1 -1 -1 -1
2 2 1 29 -1 -1 -1 -1 -1 -1 -1 -1 -1 -1 -1 -1 -1 -1 0.000677677 -1 -1 -1 -1 -1 -1 -1 -1 -1 -1 -1 -1 -1 -1
2 2 1 29 -1 -1 -1 -1 -1 -1 -1 -1 -1 -1 -1 -1 -1 -1 0.000499285 -1 -1 -1 -1 -1 -1 -1 -1 -1 -1 -1 -1 -1 -1
2 2 1 32 -1 -1 -1 -1 -1 -1 -1 -1 -1 -1 -1 -1 -1 -1 0.001130434 -1 -1 -1 -1 -1 -1 -1 -1 -1 -1 -1 -1 -1 -1
2 2 1 18 -1 -1 -1 -1 -1 -1 -1 -1 -1 -1 -1 -1 -1 -1 0.000118716 -1 -1 -1 -1 -1 -1 -1 -1 -1 -1 -1 -1 -1 -1
2 2 1 22 -1 -1 -1 -1 -1 -1 -1 -1 -1 -1 -1 -1 -1 -1 0.008608721 -1 -1 -1 -1 -1 -1 -1 -1 -1 -1 -1 -1 -1 -1
2 2 1 36 -1 -1 -1 -1 -1 -1 -1 -1 -1 -1 -1 -1 -1 -1 0.002887216 -1 -1 -1 -1 -1 -1 -1 -1 -1 -1 -1 -1 -1 -1
2 2 1 38 -1 -1 -1 -1 -1 -1 -1 -1 -1 -1 -1 -1 -1 -1 0.002910212 -1 -1 -1 -1 -1 -1 -1 -1 -1 -1 -1 -1 -1 -1
2 2 1 22 -1 -1 -1 -1 -1 -1 -1 -1 -1 -1 -1 -1 -1 -1 0.000750608 -1 -1 -1 -1 -1 -1 -1 -1 -1 -1 -1 -1 -1 -1
2 2 1 21 -1 -1 -1 -1 -1 -1 -1 -1 -1 -1 -1 -1 -1 -1 0.000117936 -1 -1 -1 -1 -1 -1 -1 -1 -1 -1 -1 -1 -1 -1
2 2 1 21 -1 -1 -1 -1 -1 -1 -1 -1 -1 -1 -1 -1 -1 -1 0.000316449 -1 -1 -1 -1 -1 -1 -1 -1 -1 -1 -1 -1 -1 -1
2 2 1 32 -1 -1 -1 -1 -1 -1 -1 -1 -1 -1 -1 -1 -1 -1 0.001138477 -1 -1 -1 -1 -1 -1 -1 -1 -1 -1 -1 -1 -1 -1
2 2 1 24 -1 -1 -1 -1 -1 -1 -1 -1 -1 -1 -1 -1 -1 -1 0.002530403 -1 -1 -1 -1 -1 -1 -1 -1 -1 -1 -1 -1 -1 -1
2 2 1 33 -1 -1 -1 -1 -1 -1 -1 -1 -1 -1 -1 -1 -1 -1 0.006604124 -1 -1 -1 -1 -1 -1 -1 -1 -1 -1 -1 -1 -1 -1
2 2 1 26 -1 -1 -1 -1 -1 -1 -1 -1 -1 -1 -1 -1 -1 -1 0.001205019 -1 -1 -1 -1 -1 -1 -1 -1 -1 -1 -1 -1 -1 -1
2 2 1 34 -1 -1 -1 -1 -1 -1 -1 -1 -1 -1 -1 -1 -1 -1 0.001871044 -1 -1 -1 -1 -1 -1 -1 -1 -1 -1 -1 -1 -1 -1
2 2 1 33 -1 -1 -1 -1 -1 -1 -1 -1 -1 -1 -1 -1 -1 -1 0.00171254 -1 -1 -1 -1 -1 -1 -1 -1 -1 -1 -1 -1 -1 -1
2 2 1 29 -1 -1 -1 -1 -1 -1 -1 -1 -1 -1 -1 -1 -1 -1 0.008053833 -1 -1 -1 -1 -1 -1 -1 -1 -1 -1 -1 -1 -1 -1
2 2 1 20 -1 -1 -1 -1 -1 -1 -1 -1 -1 -1 -1 -1 -1 -1 0.000248787 -1 -1 -1 -1 -1 -1 -1 -1 -1 -1 -1 -1 -1 -1
2 2 1 23 -1 -1 -1 -1 -1 -1 -1 -1 -1 -1 -1 -1 -1 -1 0.002700977 -1 -1 -1 -1 -1 -1 -1 -1 -1 -1 -1 -1 -1 -1
2 2 1 28 -1 -1 -1 -1 -1 -1 -1 -1 -1 -1 -1 -1 -1 -1 0.000542896 -1 -1 -1 -1 -1 -1 -1 -1 -1 -1 -1 -1 -1 -1
2 2 1 19 -1 -1 -1 -1 -1 -1 -1 -1 -1 -1 -1 -1 -1 -1 0.000592117 -1 -1 -1 -1 -1 -1 -1 -1 -1 -1 -1 -1 -1 -1
2 2 1 24 -1 -1 -1 -1 -1 -1 -1 -1 -1 -1 -1 -1 -1 -1 0.004465226 -1 -1 -1 -1 -1 -1 -1 -1 -1 -1 -1 -1 -1 -1
2 2 1 29 -1 -1 -1 -1 -1 -1 -1 -1 -1 -1 -1 -1 -1 -1 0.000885147 -1 -1 -1 -1 -1 -1 -1 -1 -1 -1 -1 -1 -1 -1
2 2 1 21 -1 -1 -1 -1 -1 -1 -1 -1 -1 -1 -1 -1 -1 -1 0.000420267 -1 -1 -1 -1 -1 -1 -1 -1 -1 -1 -1 -1 -1 -1
2 2 1 24 -1 -1 -1 -1 -1 -1 -1 -1 -1 -1 -1 -1 -1 -1 0.000295383 -1 -1 -1 -1 -1 -1 -1 -1 -1 -1 -1 -1 -1 -1
2 2 1 27 -1 -1 -1 -1 -1 -1 -1 -1 -1 -1 -1 -1 -1 -1 0.000384519 -1 -1 -1 -1 -1 -1 -1 -1 -1 -1 -1 -1 -1 -1
2 2 1 22 -1 -1 -1 -1 -1 -1 -1 -1 -1 -1 -1 -1 -1 -1 0.002757393 -1 -1 -1 -1 -1 -1 -1 -1 -1 -1 -1 -1 -1 -1
2 2 1 23 -1 -1 -1 -1 -1 -1 -1 -1 -1 -1 -1 -1 -1 -1 0.001441864 -1 -1 -1 -1 -1 -1 -1 -1 -1 -1 -1 -1 -1 -1
2 2 1 21 -1 -1 -1 -1 -1 -1 -1 -1 -1 -1 -1 -1 -1 -1 0.00046401 -1 -1 -1 -1 -1 -1 -1 -1 -1 -1 -1 -1 -1 -1
2 2 1 23 -1 -1 -1 -1 -1 -1 -1 -1 -1 -1 -1 -1 -1 -1 0.000741878 -1 -1 -1 -1 -1 -1 -1 -1 -1 -1 -1 -1 -1 -1
2 2 1 20 -1 -1 -1 -1 -1 -1 -1 -1 -1 -1 -1 -1 -1 -1 0.005800024 -1 -1 -1 -1 -1 -1 -1 -1 -1 -1 -1 -1 -1 -1
2 2 1 22 -1 -1 -1 -1 -1 -1 -1 -1 -1 -1 -1 -1 -1 -1 0.000658599 -1 -1 -1 -1 -1 -1 -1 -1 -1 -1 -1 -1 -1 -1
2 2 1 23 -1 -1 -1 -1 -1 -1 -1 -1 -1 -1 -1 -1 -1 -1 0.000425096 -1 -1 -1 -1 -1 -1 -1 -1 -1 -1 -1 -1 -1 -1
2 2 1 31 -1 -1 -1 -1 -1 -1 -1 -1 -1 -1 -1 -1 -1 -1 0.000798513 -1 -1 -1 -1 -1 -1 -1 -1 -1 -1 -1 -1 -1 -1
2 2 1 34 -1 -1 -1 -1 -1 -1 -1 -1 -1 -1 -1 -1 -1 -1 0.016941373 -1 -1 -1 -1 -1 -1 -1 -1 -1 -1 -1 -1 -1 -1
2 2 1 35 -1 -1 -1 -1 -1 -1 -1 -1 -1 -1 -1 -1 -1 -1 0.002010576 -1 -1 -1 -1 -1 -1 -1 -1 -1 -1 -1 -1 -1 -1
2 2 1 15 -1 -1 -1 -1 -1 -1 -1 -1 -1 -1 -1 -1 -1 -1 0.000761306 -1 -1 -1 -1 -1 -1 -1 -1 -1 -1 -1 -1 -1 -1
2 2 1 21 -1 -1 -1 -1 -1 -1 -1 -1 -1 -1 -1 -1 -1 -1 0.001004863 -1 -1 -1 -1 -1 -1 -1 -1 -1 -1 -1 -1 -1 -1
2 2 1 23 -1 -1 -1 -1 -1 -1 -1 -1 -1 -1 -1 -1 -1 -1 0.003331262 -1 -1 -1 -1 -1 -1 -1 -1 -1 -1 -1 -1 -1 -1
2 2 1 23 -1 -1 -1 -1 -1 -1 -1 -1 -1 -1 -1 -1 -1 -1 0.000392763 -1 -1 -1 -1 -1 -1 -1 -1 -1 -1 -1 -1 -1 -1
2 2 1 20 -1 -1 -1 -1 -1 -1 -1 -1 -1 -1 -1 -1 -1 -1 0.000161268 -1 -1 -1 -1 -1 -1 -1 -1 -1 -1 -1 -1 -1 -1
2 2 1 28 -1 -1 -1 -1 -1 -1 -1 -1 -1 -1 -1 -1 -1 -1 0.00121703 -1 -1 -1 -1 -1 -1 -1 -1 -1 -1 -1 -1 -1 -1
2 2 1 31 -1 -1 -1 -1 -1 -1 -1 -1 -1 -1 -1 -1 -1 -1 0.000739457 -1 -1 -1 -1 -1 -1 -1 -1 -1 -1 -1 -1 -1 -1
2 2 1 24 -1 -1 -1 -1 -1 -1 -1 -1 -1 -1 -1 -1 -1 -1 0.000436541 -1 -1 -1 -1 -1 -1 -1 -1 -1 -1 -1 -1 -1 -1
2 2 1 23 -1 -1 -1 -1 -1 -1 -1 -1 -1 -1 -1 -1 -1 -1 0.016846598 -1 -1 -1 -1 -1 -1 -1 -1 -1 -1 -1 -1 -1 -1
2 2 1 23 -1 -1 -1 -1 -1 -1 -1 -1 -1 -1 -1 -1 -1 -1 0.00069951 -1 -1 -1 -1 -1 -1 -1 -1 -1 -1 -1 -1 -1 -1
2 2 1 25 -1 -1 -1 -1 -1 -1 -1 -1 -1 -1 -1 -1 -1 -1 0.001239505 -1 -1 -1 -1 -1 -1 -1 -1 -1 -1 -1 -1 -1 -1
2 2 1 28 -1 -1 -1 -1 -1 -1 -1 -1 -1 -1 -1 -1 -1 -1 0.000448915 -1 -1 -1 -1 -1 -1 -1 -1 -1 -1 -1 -1 -1 -1
2 2 1 23 -1 -1 -1 -1 -1 -1 -1 -1 -1 -1 -1 -1 -1 -1 0.001276482 -1 -1 -1 -1 -1 -1 -1 -1 -1 -1 -1 -1 -1 -1
2 2 1 23 -1 -1 -1 -1 -1 -1 -1 -1 -1 -1 -1 -1 -1 -1 0.002205326 -1 -1 -1 -1 -1 -1 -1 -1 -1 -1 -1 -1 -1 -1
2 2 1 27 -1 -1 -1 -1 -1 -1 -1 -1 -1 -1 -1 -1 -1 -1 0.002191384 -1 -1 -1 -1 -1 -1 -1 -1 -1 -1 -1 -1 -1 -1
2 2 1 29 -1 -1 -1 -1 -1 -1 -1 -1 -1 -1 -1 -1 -1 -1 0.000552039 -1 -1 -1 -1 -1 -1 -1 -1 -1 -1 -1 -1 -1 -1
2 2 1 22 -1 -1 -1 -1 -1 -1 -1 -1 -1 -1 -1 -1 -1 -1 0.001111192 -1 -1 -1 -1 -1 -1 -1 -1 -1 -1 -1 -1 -1 -1
2 2 1 38 -1 -1 -1 -1 -1 -1 -1 -1 -1 -1 -1 -1 -1 -1 0.000163656 -1 -1 -1 -1 -1 -1 -1 -1 -1 -1 -1 -1 -1 -1
2 2 1 27 -1 -1 -1 -1 -1 -1 -1 -1 -1 -1 -1 -1 -1 -1 0.001684072 -1 -1 -1 -1 -1 -1 -1 -1 -1 -1 -1 -1 -1 -1
2 2 1 20 -1 -1 -1 -1 -1 -1 -1 -1 -1 -1 -1 -1 -1 -1 0.001579469 -1 -1 -1 -1 -1 -1 -1 -1 -1 -1 -1 -1 -1 -1
2 2 1 24 -1 -1 -1 -1 -1 -1 -1 -1 -1 -1 -1 -1 -1 -1 0.000153324 -1 -1 -1 -1 -1 -1 -1 -1 -1 -1 -1 -1 -1 -1
2 2 1 24 -1 -1 -1 -1 -1 -1 -1 -1 -1 -1 -1 -1 -1 -1 0.000345359 -1 -1 -1 -1 -1 -1 -1 -1 -1 -1 -1 -1 -1 -1
2 2 1 20 -1 -1 -1 -1 -1 -1 -1 -1 -1 -1 -1 -1 -1 -1 0.001083554 -1 -1 -1 -1 -1 -1 -1 -1 -1 -1 -1 -1 -1 -1
2 2 1 19 -1 -1 -1 -1 -1 -1 -1 -1 -1 -1 -1 -1 -1 -1 0.002453729 -1 -1 -1 -1 -1 -1 -1 -1 -1 -1 -1 -1 -1 -1
2 2 1 22 -1 -1 -1 -1 -1 -1 -1 -1 -1 -1 -1 -1 -1 -1 0.000455121 -1 -1 -1 -1 -1 -1 -1 -1 -1 -1 -1 -1 -1 -1
2 2 1 22 -1 -1 -1 -1 -1 -1 -1 -1 -1 -1 -1 -1 -1 -1 0.00165276 -1 -1 -1 -1 -1 -1 -1 -1 -1 -1 -1 -1 -1 -1
2 2 1 23 -1 -1 -1 -1 -1 -1 -1 -1 -1 -1 -1 -1 -1 -1 0.000964547 -1 -1 -1 -1 -1 -1 -1 -1 -1 -1 -1 -1 -1 -1
2 2 1 22 -1 -1 -1 -1 -1 -1 -1 -1 -1 -1 -1 -1 -1 -1 0.000243021 -1 -1 -1 -1 -1 -1 -1 -1 -1 -1 -1 -1 -1 -1
2 2 1 24 -1 -1 -1 -1 -1 -1 -1 -1 -1 -1 -1 -1 -1 -1 0.001025176 -1 -1 -1 -1 -1 -1 -1 -1 -1 -1 -1 -1 -1 -1
2 2 1 23 -1 -1 -1 -1 -1 -1 -1 -1 -1 -1 -1 -1 -1 -1 0.001805086 -1 -1 -1 -1 -1 -1 -1 -1 -1 -1 -1 -1 -1 -1
3 2 1 15 -1 -1 -1 -1 -1 -1 -1 -1 -1 -1 -1 -1 -1 -1 0.000345915 -1 -1 -1 -1 -1 -1 -1 -1 -1 -1 -1 -1 -1 -1
3 2 1 10 -1 -1 -1 -1 -1 -1 -1 -1 -1 -1 -1 -1 -1 -1 0.000221347 -1 -1 -1 -1 -1 -1 -1 -1 -1 -1 -1 -1 -1 -1
3 2 2 25 28 -1 -1 -1 -1 -1 -1 -1 -1 -1 -1 -1 -1 -1 0.000550957 0.004024945 -1 -1 -1 -1 -1 -1 -1 -1 -1 -1 -1 -1 -1
3 2 2 22 -1 -1 -1 -1 -1 -1 -1 -1 -1 -1 -1 -1 -1 -1 0.000827067 -1 -1 -1 -1 -1 -1 -1 -1 -1 -1 -1 -1 -1 -1
3 2 2 24 27 -1 -1 -1 -1 -1 -1 -1 -1 -1 -1 -1 -1 -1 0.00026846 0.000973458 -1 -1 -1 -1 -1 -1 -1 -1 -1 -1 -1 -1 -1
3 2 1 11 -1 -1 -1 -1 -1 -1 -1 -1 -1 -1 -1 -1 -1 -1 0.000316792 -1 -1 -1 -1 -1 -1 -1 -1 -1 -1 -1 -1 -1 -1
3 2 2 15 -1 -1 -1 -1 -1 -1 -1 -1 -1 -1 -1 -1 -1 -1 0.000308638 -1 -1 -1 -1 -1 -1 -1 -1 -1 -1 -1 -1 -1 -1
3 2 2 24 26 -1 -1 -1 -1 -1 -1 -1 -1 -1 -1 -1 -1 -1 0.011419919 0.000539884 -1 -1 -1 -1 -1 -1 -1 -1 -1 -1 -1 -1 -1
3 2 1 16 23 -1 -1 -1 -1 -1 -1 -1 -1 -1 -1 -1 -1 -1 0.00010233 0.006299673 -1 -1 -1 -1 -1 -1 -1 -1 -1 -1 -1 -1 -1
3 2 1 11 -1 -1 -1 -1 -1 -1 -1 -1 -1 -1 -1 -1 -1 -1 2.4e-05 -1 -1 -1 -1 -1 -1 -1 -1 -1 -1 -1 -1 -1 -1
3 2 2 15 19 -1 -1 -1 -1 -1 -1 -1 -1 -1 -1 -1 -1 -1 0.000234133 0.001822014 -1 -1 -1 -1 -1 -1 -1 -1 -1 -1 -1 -1 -1
3 2 2 26 33 -1 -1 -1 -1 -1 -1 -1 -1 -1 -1 -1 -1 -1 2.26e-05 0.008152454 -1 -1 -1 -1 -1 -1 -1 -1 -1 -1 -1 -1 -1
3 2 1 18 -1 -1 -1 -1 -1 -1 -1 -1 -1 -1 -1 -1 -1 -1 5.84e-05 -1 -1 -1 -1 -1 -1 -1 -1 -1 -1 -1 -1 -1 -1
3 2 2 26 29 -1 -1 -1 -1 -1 -1 -1 -1 -1 -1 -1 -1 -1 0.00113495 0.000363389 -1 -1 -1 -1 -1 -1 -1 -1 -1 -1 -1 -1 -1
3 2 2 28 35 -1 -1 -1 -1 -1 -1 -1 -1 -1 -1 -1 -1 -1 0.000141566 0.002644665 -1 -1 -1 -1 -1 -1 -1 -1 -1 -1 -1 -1 -1
3 2 2 22 -1 -1 -1 -1 -1 -1 -1 -1 -1 -1 -1 -1 -1 -1 0.00016227 -1 -1 -1 -1 -1 -1 -1 -1 -1 -1 -1 -1 -1 -1
3 2 2 17 21 -1 -1 -1 -1 -1 -1 -1 -1 -1 -1 -1 -1 -1 0.000460071 0.000123847 -1 -1 -1 -1 -1 -1 -1 -1 -1 -1 -1 -1 -1
3 2 2 21 -1 -1 -1 -1 -1 -1 -1 -1 -1 -1 -1 -1 -1 -1 0.000620945 -1 -1 -1 -1 -1 -1 -1 -1 -1 -1 -1 -1 -1 -1
3 2 2 19 -1 -1 -1 -1 -1 -1 -1 -1 -1 -1 -1 -1 -1 -1 0.000418719 -1 -1 -1 -1 -1 -1 -1 -1 -1 -1 -1 -1 -1 -1
3 2 2 17 -1 -1 -1 -1 -1 -1 -1 -1 -1 -1 -1 -1 -1 -1 5.05e-05 -1 -1 -1 -1 -1 -1 -1 -1 -1 -1 -1 -1 -1 -1
3 2 2 16 -1 -1 -1 -1 -1 -1 -1 -1 -1 -1 -1 -1 -1 -1 0.002310847 -1 -1 -1 -1 -1 -1 -1 -1 -1 -1 -1 -1 -1 -1
3 2 1 15 19 -1 -1 -1 -1 -1 -1 -1 -1 -1 -1 -1 -1 -1 0.000315627 0.001113992 -1 -1 -1 -1 -1 -1 -1 -1 -1 -1 -1 -1 -1
3 2 2 17 -1 -1 -1 -1 -1 -1 -1 -1 -1 -1 -1 -1 -1 -1 1.96e-05 -1 -1 -1 -1 -1 -1 -1 -1 -1 -1 -1 -1 -1 -1
3 2 2 23 -1 -1 -1 -1 -1 -1 -1 -1 -1 -1 -1 -1 -1 -1 0.001938577 -1 -1 -1 -1 -1 -1 -1 -1 -1 -1 -1 -1 -1 -1
3 2 1 15 17 -1 -1 -1 -1 -1 -1 -1 -1 -1 -1 -1 -1 -1 0.000259729 7.62e-05 -1 -1 -1 -1 -1 -1 -1 -1 -1 -1 -1 -1 -1
3 2 2 22 30 -1 -1 -1 -1 -1 -1 -1 -1 -1 -1 -1 -1 -1 2.86e-05 0.001355555 -1 -1 -1 -1 -1 -1 -1 -1 -1 -1 -1 -1 -1
3 2 1 13 15 -1 -1 -1 -1 -1 -1 -1 -1 -1 -1 -1 -1 -1 0.001346411 0.002109479 -1 -1 -1 -1 -1 -1 -1 -1 -1 -1 -1 -1 -1
3 2 2 22 -1 -1 -1 -1 -1 -1 -1 -1 -1 -1 -1 -1 -1 -1 0.001277143 -1 -1 -1 -1 -1 -1 -1 -1 -1 -1 -1 -1 -1 -1
3 2 1 16 -1 -1 -1 -1 -1 -1 -1 -1 -1 -1 -1 -1 -1 -1 0.000330771 -1 -1 -1 -1 -1 -1 -1 -1 -1 -1 -1 -1 -1 -1
3 2 2 15 -1 -1 -1 -1 -1 -1 -1 -1 -1 -1 -1 -1 -1 -1 0.00061861 -1 -1 -1 -1 -1 -1 -1 -1 -1 -1 -1 -1 -1 -1
3 2 1 14 -1 -1 -1 -1 -1 -1 -1 -1 -1 -1 -1 -1 -1 -1 2.86e-05 -1 -1 -1 -1 -1 -1 -1 -1 -1 -1 -1 -1 -1 -1
3 2 2 22 -1 -1 -1 -1 -1 -1 -1 -1 -1 -1 -1 -1 -1 -1 0.001904493 -1 -1 -1 -1 -1 -1 -1 -1 -1 -1 -1 -1 -1 -1
3 2 1 14 -1 -1 -1 -1 -1 -1 -1 -1 -1 -1 -1 -1 -1 -1 0.02 -1 -1 -1 -1 -1 -1 -1 -1 -1 -1 -1 -1 -1 -1
4 1 0 1000 -1 -1 -1 -1 -1 -1 -1 -1 -1 -1 -1 -1 -1 -1 2.1e-05 -1 -1 -1 -1 -1 -1 -1 -1 -1 -1 -1 -1 -1 -1
4 1 0 1000 -1 -1 -1 -1 -1 -1 -1 -1 -1 -1 -1 -1 -1 -1 2.01e-05 -1 -1 -1 -1 -1 -1 -1 -1 -1 -1 -1 -1 -1 -1
4 1 0 1000 -1 -1 -1 -1 -1 -1 -1 -1 -1 -1 -1 -1 -1 -1 1.95e-05 -1 -1 -1 -1 -1 -1 -1 -1 -1 -1 -1 -1 -1 -1
4 1 0 1000 -1 -1 -1 -1 -1 -1 -1 -1 -1 -1 -1 -1 -1 -1 2.56e-05 -1 -1 -1 -1 -1 -1 -1 -1 -1 -1 -1 -1 -1 -1
4 1 0 1000 -1 -1 -1 -1 -1 -1 -1 -1 -1 -1 -1 -1 -1 -1 6e-05 -1 -1 -1 -1 -1 -1 -1 -1 -1 -1 -1 -1 -1 -1
4 1 0 1000 -1 -1 -1 -1 -1 -1 -1 -1 -1 -1 -1 -1 -1 -1 1.95e-05 -1 -1 -1 -1 -1 -1 -1 -1 -1 -1 -1 -1 -1 -1
4 1 0 1000 -1 -1 -1 -1 -1 -1 -1 -1 -1 -1 -1 -1 -1 -1 3.04e-05 -1 -1 -1 -1 -1 -1 -1 -1 -1 -1 -1 -1 -1 -1
4 1 0 1000 -1 -1 -1 -1 -1 -1 -1 -1 -1 -1 -1 -1 -1 -1 0.000342908 -1 -1 -1 -1 -1 -1 -1 -1 -1 -1 -1 -1 -1 -1
4 1 0 1000 -1 -1 -1 -1 -1 -1 -1 -1 -1 -1 -1 -1 -1 -1 1.95e-05 -1 -1 -1 -1 -1 -1 -1 -1 -1 -1 -1 -1 -1 -1
4 1 0 1000 -1 -1 -1 -1 -1 -1 -1 -1 -1 -1 -1 -1 -1 -1 2.75e-05 -1 -1 -1 -1 -1 -1 -1 -1 -1 -1 -1 -1 -1 -1
4 1 0 1000 -1 -1 -1 -1 -1 -1 -1 -1 -1 -1 -1 -1 -1 -1 3.23e-05 -1 -1 -1 -1 -1 -1 -1 -1 -1 -1 -1 -1 -1 -1
4 1 0 1000 -1 -1 -1 -1 -1 -1 -1 -1 -1 -1 -1 -1 -1 -1 2.75e-05 -1 -1 -1 -1 -1 -1 -1 -1 -1 -1 -1 -1 -1 -1
4 1 0 1000 -1 -1 -1 -1 -1 -1 -1 -1 -1 -1 -1 -1 -1 -1 2.28e-05 -1 -1 -1 -1 -1 -1 -1 -1 -1 -1 -1 -1 -1 -1
4 1 0 1000 -1 -1 -1 -1 -1 -1 -1 -1 -1 -1 -1 -1 -1 -1 2.1e-05 -1 -1 -1 -1 -1 -1 -1 -1 -1 -1 -1 -1 -1 -1
4 1 0 1000 -1 -1 -1 -1 -1 -1 -1 -1 -1 -1 -1 -1 -1 -1 3.43e-05 -1 -1 -1 -1 -1 -1 -1 -1 -1 -1 -1 -1 -1 -1
4 1 0 1000 -1 -1 -1 -1 -1 -1 -1 -1 -1 -1 -1 -1 -1 -1 3.33e-05 -1 -1 -1 -1 -1 -1 -1 -1 -1 -1 -1 -1 -1 -1
4 1 0 1000 -1 -1 -1 -1 -1 -1 -1 -1 -1 -1 -1 -1 -1 -1 3.92e-05 -1 -1 -1 -1 -1 -1 -1 -1 -1 -1 -1 -1 -1 -1
4 1 0 1000 -1 -1 -1 -1 -1 -1 -1 -1 -1 -1 -1 -1 -1 -1 5.44e-05 -1 -1 -1 -1 -1 -1 -1 -1 -1 -1 -1 -1 -1 -1
4 1 0 1000 -1 -1 -1 -1 -1 -1 -1 -1 -1 -1 -1 -1 -1 -1 1.95e-05 -1 -1 -1 -1 -1 -1 -1 -1 -1 -1 -1 -1 -1 -1
4 1 0 1000 -1 -1 -1 -1 -1 -1 -1 -1 -1 -1 -1 -1 -1 -1 1.95e-05 -1 -1 -1 -1 -1 -1 -1 -1 -1 -1 -1 -1 -1 -1
4 1 0 1000 -1 -1 -1 -1 -1 -1 -1 -1 -1 -1 -1 -1 -1 -1 1.95e-05 -1 -1 -1 -1 -1 -1 -1 -1 -1 -1 -1 -1 -1 -1
4 1 0 1000 -1 -1 -1 -1 -1 -1 -1 -1 -1 -1 -1 -1 -1 -1 1.95e-05 -1 -1 -1 -1 -1 -1 -1 -1 -1 -1 -1 -1 -1 -1
4 1 0 1000 -1 -1 -1 -1 -1 -1 -1 -1 -1 -1 -1 -1 -1 -1 3.38e-05 -1 -1 -1 -1 -1 -1 -1 -1 -1 -1 -1 -1 -1 -1
4 1 0 1000 -1 -1 -1 -1 -1 -1 -1 -1 -1 -1 -1 -1 -1 -1 1.95e-05 -1 -1 -1 -1 -1 -1 -1 -1 -1 -1 -1 -1 -1 -1
4 1 0 1000 -1 -1 -1 -1 -1 -1 -1 -1 -1 -1 -1 -1 -1 -1 1.95e-05 -1 -1 -1 -1 -1 -1 -1 -1 -1 -1 -1 -1 -1 -1
4 1 0 1000 -1 -1 -1 -1 -1 -1 -1 -1 -1 -1 -1 -1 -1 -1 3.43e-05 -1 -1 -1 -1 -1 -1 -1 -1 -1 -1 -1 -1 -1 -1
4 1 0 1000 -1 -1 -1 -1 -1 -1 -1 -1 -1 -1 -1 -1 -1 -1 0.000158058 -1 -1 -1 -1 -1 -1 -1 -1 -1 -1 -1 -1 -1 -1
4 1 0 1000 -1 -1 -1 -1 -1 -1 -1 -1 -1 -1 -1 -1 -1 -1 1.95e-05 -1 -1 -1 -1 -1 -1 -1 -1 -1 -1 -1 -1 -1 -1
4 1 0 1000 -1 -1 -1 -1 -1 -1 -1 -1 -1 -1 -1 -1 -1 -1 1.95e-05 -1 -1 -1 -1 -1 -1 -1 -1 -1 -1 -1 -1 -1 -1
4 1 0 1000 -1 -1 -1 -1 -1 -1 -1 -1 -1 -1 -1 -1 -1 -1 1.95e-05 -1 -1 -1 -1 -1 -1 -1 -1 -1 -1 -1 -1 -1 -1
4 1 0 1000 -1 -1 -1 -1 -1 -1 -1 -1 -1 -1 -1 -1 -1 -1 2.28e-05 -1 -1 -1 -1 -1 -1 -1 -1 -1 -1 -1 -1 -1 -1
4 1 0 1000 -1 -1 -1 -1 -1 -1 -1 -1 -1 -1 -1 -1 -1 -1 4.72e-05 -1 -1 -1 -1 -1 -1 -1 -1 -1 -1 -1 -1 -1 -1
4 1 0 1000 -1 -1 -1 -1 -1 -1 -1 -1 -1 -1 -1 -1 -1 -1 1.95e-05 -1 -1 -1 -1 -1 -1 -1 -1 -1 -1 -1 -1 -1 -1
4 1 0 1000 -1 -1 -1 -1 -1 -1 -1 -1 -1 -1 -1 -1 -1 -1 4.12e-05 -1 -1 -1 -1 -1 -1 -1 -1 -1 -1 -1 -1 -1 -1
4 1 0 1000 -1 -1 -1 -1 -1 -1 -1 -1 -1 -1 -1 -1 -1 -1 3.82e-05 -1 -1 -1 -1 -1 -1 -1 -1 -1 -1 -1 -1 -1 -1
4 1 0 1000 -1 -1 -1 -1 -1 -1 -1 -1 -1 -1 -1 -1 -1 -1 1.95e-05 -1 -1 -1 -1 -1 -1 -1 -1 -1 -1 -1 -1 -1 -1
4 1 0 1000 -1 -1 -1 -1 -1 -1 -1 -1 -1 -1 -1 -1 -1 -1 1.95e-05 -1 -1 -1 -1 -1 -1 -1 -1 -1 -1 -1 -1 -1 -1
4 1 0 1000 -1 -1 -1 -1 -1 -1 -1 -1 -1 -1 -1 -1 -1 -1 3.77e-05 -1 -1 -1 -1 -1 -1 -1 -1 -1 -1 -1 -1 -1 -1
4 1 0 1000 -1 -1 -1 -1 -1 -1 -1 -1 -1 -1 -1 -1 -1 -1 3.33e-05 -1 -1 -1 -1 -1 -1 -1 -1 -1 -1 -1 -1 -1 -1
4 1 0 1000 -1 -1 -1 -1 -1 -1 -1 -1 -1 -1 -1 -1 -1 -1 1.95e-05 -1 -1 -1 -1 -1 -1 -1 -1 -1 -1 -1 -1 -1 -1
4 1 0 1000 -1 -1 -1 -1 -1 -1 -1 -1 -1 -1 -1 -1 -1 -1 8.76e-05 -1 -1 -1 -1 -1 -1 -1 -1 -1 -1 -1 -1 -1 -1
4 1 0 1000 -1 -1 -1 -1 -1 -1 -1 -1 -1 -1 -1 -1 -1 -1 4.87e-05 -1 -1 -1 -1 -1 -1 -1 -1 -1 -1 -1 -1 -1 -1
4 1 0 1000 -1 -1 -1 -1 -1 -1 -1 -1 -1 -1 -1 -1 -1 -1 0.000133491 -1 -1 -1 -1 -1 -1 -1 -1 -1 -1 -1 -1 -1 -1
4 1 0 1000 -1 -1 -1 -1 -1 -1 -1 -1 -1 -1 -1 -1 -1 -1 5.37e-05 3.32e-05 -1 -1 -1 -1 -1 -1 -1 -1 -1 -1 -1 -1 -1
4 1 0 1000 -1 -1 -1 -1 -1 -1 -1 -1 -1 -1 -1 -1 -1 -1 4.74e-05 -1 -1 -1 -1 -1 -1 -1 -1 -1 -1 -1 -1 -1 -1
4 1 0 1000 -1 -1 -1 -1 -1 -1 -1 -1 -1 -1 -1 -1 -1 -1 5.29e-05 -1 -1 -1 -1 -1 -1 -1 -1 -1 -1 -1 -1 -1 -1
4 1 0 1000 -1 -1 -1 -1 -1 -1 -1 -1 -1 -1 -1 -1 -1 -1 5.68e-05 -1 -1 -1 -1 -1 -1 -1 -1 -1 -1 -1 -1 -1 -1
4 1 0 1000 -1 -1 -1 -1 -1 -1 -1 -1 -1 -1 -1 -1 -1 -1 0.000251519 -1 -1 -1 -1 -1 -1 -1 -1 -1 -1 -1 -1 -1 -1
4 1 0 1000 -1 -1 -1 -1 -1 -1 -1 -1 -1 -1 -1 -1 -1 -1 3.72e-05 -1 -1 -1 -1 -1 -1 -1 -1 -1 -1 -1 -1 -1 -1
4 1 0 1000 -1 -1 -1 -1 -1 -1 -1 -1 -1 -1 -1 -1 -1 -1 3.8e-05 -1 -1 -1 -1 -1 -1 -1 -1 -1 -1 -1 -1 -1 -1
4 1 0 1000 -1 -1 -1 -1 -1 -1 -1 -1 -1 -1 -1 -1 -1 -1 3.32e-05 -1 -1 -1 -1 -1 -1 -1 -1 -1 -1 -1 -1 -1 -1
4 1 0 1000 -1 -1 -1 -1 -1 -1 -1 -1 -1 -1 -1 -1 -1 -1 4.74e-05 -1 -1 -1 -1 -1 -1 -1 -1 -1 -1 -1 -1 -1 -1
4 1 0 1000 -1 -1 -1 -1 -1 -1 -1 -1 -1 -1 -1 -1 -1 -1 3.15e-05 -1 -1 -1 -1 -1 -1 -1 -1 -1 -1 -1 -1 -1 -1
4 1 0 1000 -1 -1 -1 -1 -1 -1 -1 -1 -1 -1 -1 -1 -1 -1 2.66e-05 -1 -1 -1 -1 -1 -1 -1 -1 -1 -1 -1 -1 -1 -1
4 1 0 1000 -1 -1 -1 -1 -1 -1 -1 -1 -1 -1 -1 -1 -1 -1 5.91e-05 -1 -1 -1 -1 -1 -1 -1 -1 -1 -1 -1 -1 -1 -1
4 1 0 1000 -1 -1 -1 -1 -1 -1 -1 -1 -1 -1 -1 -1 -1 -1 3.07e-05 -1 -1 -1 -1 -1 -1 -1 -1 -1 -1 -1 -1 -1 -1
4 1 0 1000 -1 -1 -1 -1 -1 -1 -1 -1 -1 -1 -1 -1 -1 -1 3.36e-05 -1 -1 -1 -1 -1 -1 -1 -1 -1 -1 -1 -1 -1 -1
4 1 0 1000 -1 -1 -1 -1 -1 -1 -1 -1 -1 -1 -1 -1 -1 -1 6.06e-05 -1 -1 -1 -1 -1 -1 -1 -1 -1 -1 -1 -1 -1 -1
4 1 0 1000 -1 -1 -1 -1 -1 -1 -1 -1 -1 -1 -1 -1 -1 -1 4.35e-05 -1 -1 -1 -1 -1 -1 -1 -1 -1 -1 -1 -1 -1 -1
4 1 0 1000 -1 -1 -1 -1 -1 -1 -1 -1 -1 -1 -1 -1 -1 -1 3.88e-05 -1 -1 -1 -1 -1 -1 -1 -1 -1 -1 -1 -1 -1 -1
4 1 0 1000 -1 -1 -1 -1 -1 -1 -1 -1 -1 -1 -1 -1 -1 -1 3.76e-05 -1 -1 -1 -1 -1 -1 -1 -1 -1 -1 -1 -1 -1 -1
4 1 0 1000 -1 -1 -1 -1 -1 -1 -1 -1 -1 -1 -1 -1 -1 -1 2.66e-05 -1 -1 -1 -1 -1 -1 -1 -1 -1 -1 -1 -1 -1 -1
4 1 0 1000 -1 -1 -1 -1 -1 -1 -1 -1 -1 -1 -1 -1 -1 -1 2.58e-05 -1 -1 -1 -1 -1 -1 -1 -1 -1 -1 -1 -1 -1 -1
4 1 0 1000 -1 -1 -1 -1 -1 -1 -1 -1 -1 -1 -1 -1 -1 -1 3.52e-05 -1 -1 -1 -1 -1 -1 -1 -1 -1 -1 -1 -1 -1 -1
4 1 0 1000 -1 -1 -1 -1 -1 -1 -1 -1 -1 -1 -1 -1 -1 -1 3.64e-05 -1 -1 -1 -1 -1 -1 -1 -1 -1 -1 -1 -1 -1 -1
4 1 0 1000 -1 -1 -1 -1 -1 -1 -1 -1 -1 -1 -1 -1 -1 -1 2.17e-05 -1 -1 -1 -1 -1 -1 -1 -1 -1 -1 -1 -1 -1 -1
4 1 0 1000 -1 -1 -1 -1 -1 -1 -1 -1 -1 -1 -1 -1 -1 -1 2.75e-05 -1 -1 -1 -1 -1 -1 -1 -1 -1 -1 -1 -1 -1 -1
4 1 0 1000 -1 -1 -1 -1 -1 -1 -1 -1 -1 -1 -1 -1 -1 -1 7.29e-05 -1 -1 -1 -1 -1 -1 -1 -1 -1 -1 -1 -1 -1 -1
5 1 0 1000 -1 -1 -1 -1 -1 -1 -1 -1 -1 -1 -1 -1 -1 -1 6.99e-05 -1 -1 -1 -1 -1 -1 -1 -1 -1 -1 -1 -1 -1 -1
5 1 0 1000 -1 -1 -1 -1 -1 -1 -1 -1 -1 -1 -1 -1 -1 -1 0.000105948 -1 -1 -1 -1 -1 -1 -1 -1 -1 -1 -1 -1 -1 -1
5 1 0 1000 -1 -1 -1 -1 -1 -1 -1 -1 -1 -1 -1 -1 -1 -1 0.000125195 -1 -1 -1 -1 -1 -1 -1 -1 -1 -1 -1 -1 -1 -1
5 1 0 1000 -1 -1 -1 -1 -1 -1 -1 -1 -1 -1 -1 -1 -1 -1 4.98e-05 -1 -1 -1 -1 -1 -1 -1 -1 -1 -1 -1 -1 -1 -1
5 1 0 1000 -1 -1 -1 -1 -1 -1 -1 -1 -1 -1 -1 -1 -1 -1 5.13e-05 -1 -1 -1 -1 -1 -1 -1 -1 -1 -1 -1 -1 -1 -1
5 1 0 1000 -1 -1 -1 -1 -1 -1 -1 -1 -1 -1 -1 -1 -1 -1 4.19e-05 -1 -1 -1 -1 -1 -1 -1 -1 -1 -1 -1 -1 -1 -1
5 1 0 1000 -1 -1 -1 -1 -1 -1 -1 -1 -1 -1 -1 -1 -1 -1 6.45e-05 -1 -1 -1 -1 -1 -1 -1 -1 -1 -1 -1 -1 -1 -1
5 1 0 1000 -1 -1 -1 -1 -1 -1 -1 -1 -1 -1 -1 -1 -1 -1 8.06e-05 -1 -1 -1 -1 -1 -1 -1 -1 -1 -1 -1 -1 -1 -1
5 1 0 1000 -1 -1 -1 -1 -1 -1 -1 -1 -1 -1 -1 -1 -1 -1 1.95e-05 -1 -1 -1 -1 -1 -1 -1 -1 -1 -1 -1 -1 -1 -1
5 1 0 1000 -1 -1 -1 -1 -1 -1 -1 -1 -1 -1 -1 -1 -1 -1 1.95e-05 -1 -1 -1 -1 -1 -1 -1 -1 -1 -1 -1 -1 -1 -1
5 1 0 1000 -1 -1 -1 -1 -1 -1 -1 -1 -1 -1 -1 -1 -1 -1 1.95e-05 -1 -1 -1 -1 -1 -1 -1 -1 -1 -1 -1 -1 -1 -1
5 1 0 1000 -1 -1 -1 -1 -1 -1 -1 -1 -1 -1 -1 -1 -1 -1 1.95e-05 -1 -1 -1 -1 -1 -1 -1 -1 -1 -1 -1 -1 -1 -1
5 1 0 1000 -1 -1 -1 -1 -1 -1 -1 -1 -1 -1 -1 -1 -1 -1 1.95e-05 -1 -1 -1 -1 -1 -1 -1 -1 -1 -1 -1 -1 -1 -1
5 1 0 1000 -1 -1 -1 -1 -1 -1 -1 -1 -1 -1 -1 -1 -1 -1 1.95e-05 -1 -1 -1 -1 -1 -1 -1 -1 -1 -1 -1 -1 -1 -1
5 1 0 1000 -1 -1 -1 -1 -1 -1 -1 -1 -1 -1 -1 -1 -1 -1 2.52e-05 -1 -1 -1 -1 -1 -1 -1 -1 -1 -1 -1 -1 -1 -1
5 1 0 1000 -1 -1 -1 -1 -1 -1 -1 -1 -1 -1 -1 -1 -1 -1 4.92e-05 -1 -1 -1 -1 -1 -1 -1 -1 -1 -1 -1 -1 -1 -1
5 1 0 1000 -1 -1 -1 -1 -1 -1 -1 -1 -1 -1 -1 -1 -1 -1 2.5e-05 -1 -1 -1 -1 -1 -1 -1 -1 -1 -1 -1 -1 -1 -1
5 1 0 1000 -1 -1 -1 -1 -1 -1 -1 -1 -1 -1 -1 -1 -1 -1 5.01e-05 -1 -1 -1 -1 -1 -1 -1 -1 -1 -1 -1 -1 -1 -1
5 1 0 1000 -1 -1 -1 -1 -1 -1 -1 -1 -1 -1 -1 -1 -1 -1 0.000474556 -1 -1 -1 -1 -1 -1 -1 -1 -1 -1 -1 -1 -1 -1
5 1 0 1000 -1 -1 -1 -1 -1 -1 -1 -1 -1 -1 -1 -1 -1 -1 1.95e-05 -1 -1 -1 -1 -1 -1 -1 -1 -1 -1 -1 -1 -1 -1
5 1 0 1000 -1 -1 -1 -1 -1 -1 -1 -1 -1 -1 -1 -1 -1 -1 4e-05 -1 -1 -1 -1 -1 -1 -1 -1 -1 -1 -1 -1 -1 -1
5 1 0 1000 -1 -1 -1 -1 -1 -1 -1 -1 -1 -1 -1 -1 -1 -1 2.52e-05 -1 -1 -1 -1 -1 -1 -1 -1 -1 -1 -1 -1 -1 -1
5 1 0 1000 -1 -1 -1 -1 -1 -1 -1 -1 -1 -1 -1 -1 -1 -1 1.95e-05 -1 -1 -1 -1 -1 -1 -1 -1 -1 -1 -1 -1 -1 -1
5 1 0 1000 -1 -1 -1 -1 -1 -1 -1 -1 -1 -1 -1 -1 -1 -1 2.94e-05 -1 -1 -1 -1 -1 -1 -1 -1 -1 -1 -1 -1 -1 -1
5 1 0 1000 -1 -1 -1 -1 -1 -1 -1 -1 -1 -1 -1 -1 -1 -1 2.04e-05 -1 -1 -1 -1 -1 -1 -1 -1 -1 -1 -1 -1 -1 -1
5 1 0 1000 -1 -1 -1 -1 -1 -1 -1 -1 -1 -1 -1 -1 -1 -1 4.92e-05 -1 -1 -1 -1 -1 -1 -1 -1 -1 -1 -1 -1 -1 -1
5 1 0 1000 -1 -1 -1 -1 -1 -1 -1 -1 -1 -1 -1 -1 -1 -1 5.86e-05 -1 -1 -1 -1 -1 -1 -1 -1 -1 -1 -1 -1 -1 -1
5 1 0 1000 -1 -1 -1 -1 -1 -1 -1 -1 -1 -1 -1 -1 -1 -1 3.66e-05 -1 -1 -1 -1 -1 -1 -1 -1 -1 -1 -1 -1 -1 -1
5 1 0 1000 -1 -1 -1 -1 -1 -1 -1 -1 -1 -1 -1 -1 -1 -1 1.95e-05 -1 -1 -1 -1 -1 -1 -1 -1 -1 -1 -1 -1 -1 -1
5 1 0 1000 -1 -1 -1 -1 -1 -1 -1 -1 -1 -1 -1 -1 -1 -1 2.52e-05 -1 -1 -1 -1 -1 -1 -1 -1 -1 -1 -1 -1 -1 -1
5 1 0 1000 -1 -1 -1 -1 -1 -1 -1 -1 -1 -1 -1 -1 -1 -1 2.61e-05 -1 -1 -1 -1 -1 -1 -1 -1 -1 -1 -1 -1 -1 -1
5 1 0 1000 -1 -1 -1 -1 -1 -1 -1 -1 -1 -1 -1 -1 -1 -1 3.13e-05 -1 -1 -1 -1 -1 -1 -1 -1 -1 -1 -1 -1 -1 -1
5 1 0 1000 -1 -1 -1 -1 -1 -1 -1 -1 -1 -1 -1 -1 -1 -1 1.95e-05 -1 -1 -1 -1 -1 -1 -1 -1 -1 -1 -1 -1 -1 -1
5 1 0 1000 -1 -1 -1 -1 -1 -1 -1 -1 -1 -1 -1 -1 -1 -1 1.95e-05 -1 -1 -1 -1 -1 -1 -1 -1 -1 -1 -1 -1 -1 -1
5 1 0 1000 -1 -1 -1 -1 -1 -1 -1 -1 -1 -1 -1 -1 -1 -1 1.95e-05 -1 -1 -1 -1 -1 -1 -1 -1 -1 -1 -1 -1 -1 -1
5 1 0 1000 -1 -1 -1 -1 -1 -1 -1 -1 -1 -1 -1 -1 -1 -1 5.03e-05 -1 -1 -1 -1 -1 -1 -1 -1 -1 -1 -1 -1 -1 -1
5 1 0 1000 -1 -1 -1 -1 -1 -1 -1 -1 -1 -1 -1 -1 -1 -1 1.95e-05 -1 -1 -1 -1 -1 -1 -1 -1 -1 -1 -1 -1 -1 -1
5 1 0 1000 -1 -1 -1 -1 -1 -1 -1 -1 -1 -1 -1 -1 -1 -1 1.95e-05 -1 -1 -1 -1 -1 -1 -1 -1 -1 -1 -1 -1 -1 -1
5 1 0 1000 -1 -1 -1 -1 -1 -1 -1 -1 -1 -1 -1 -1 -1 -1 3.02e-05 -1 -1 -1 -1 -1 -1 -1 -1 -1 -1 -1 -1 -1 -1
5 1 0 1000 -1 -1 -1 -1 -1 -1 -1 -1 -1 -1 -1 -1 -1 -1 4.22e-05 -1 -1 -1 -1 -1 -1 -1 -1 -1 -1 -1 -1 -1 -1
5 1 0 1000 -1 -1 -1 -1 -1 -1 -1 -1 -1 -1 -1 -1 -1 -1 3.44e-05 -1 -1 -1 -1 -1 -1 -1 -1 -1 -1 -1 -1 -1 -1
5 1 0 1000 -1 -1 -1 -1 -1 -1 -1 -1 -1 -1 -1 -1 -1 -1 1.95e-05 -1 -1 -1 -1 -1 -1 -1 -1 -1 -1 -1 -1 -1 -1
5 1 0 1000 -1 -1 -1 -1 -1 -1 -1 -1 -1 -1 -1 -1 -1 -1 5.5e-05 -1 -1 -1 -1 -1 -1 -1 -1 -1 -1 -1 -1 -1 -1
5 1 0 1000 -1 -1 -1 -1 -1 -1 -1 -1 -1 -1 -1 -1 -1 -1 3.7e-05 -1 -1 -1 -1 -1 -1 -1 -1 -1 -1 -1 -1 -1 -1
5 1 0 1000 -1 -1 -1 -1 -1 -1 -1 -1 -1 -1 -1 -1 -1 -1 1.96e-05 -1 -1 -1 -1 -1 -1 -1 -1 -1 -1 -1 -1 -1 -1
5 1 0 1000 -1 -1 -1 -1 -1 -1 -1 -1 -1 -1 -1 -1 -1 -1 1.95e-05 -1 -1 -1 -1 -1 -1 -1 -1 -1 -1 -1 -1 -1 -1
5 1 0 1000 -1 -1 -1 -1 -1 -1 -1 -1 -1 -1 -1 -1 -1 -1 4.11e-05 -1 -1 -1 -1 -1 -1 -1 -1 -1 -1 -1 -1 -1 -1
5 1 0 1000 -1 -1 -1 -1 -1 -1 -1 -1 -1 -1 -1 -1 -1 -1 2.04e-05 -1 -1 -1 -1 -1 -1 -1 -1 -1 -1 -1 -1 -1 -1
5 1 0 1000 -1 -1 -1 -1 -1 -1 -1 -1 -1 -1 -1 -1 -1 -1 0.000113849 -1 -1 -1 -1 -1 -1 -1 -1 -1 -1 -1 -1 -1 -1
5 1 0 1000 -1 -1 -1 -1 -1 -1 -1 -1 -1 -1 -1 -1 -1 -1 1.95e-05 -1 -1 -1 -1 -1 -1 -1 -1 -1 -1 -1 -1 -1 -1
5 1 0 1000 -1 -1 -1 -1 -1 -1 -1 -1 -1 -1 -1 -1 -1 -1 0.000445908 -1 -1 -1 -1 -1 -1 -1 -1 -1 -1 -1 -1 -1 -1
5 1 0 1000 -1 -1 -1 -1 -1 -1 -1 -1 -1 -1 -1 -1 -1 -1 3.4e-05 -1 -1 -1 -1 -1 -1 -1 -1 -1 -1 -1 -1 -1 -1
5 1 0 1000 -1 -1 -1 -1 -1 -1 -1 -1 -1 -1 -1 -1 -1 -1 1.95e-05 -1 -1 -1 -1 -1 -1 -1 -1 -1 -1 -1 -1 -1 -1
5 1 0 1000 -1 -1 -1 -1 -1 -1 -1 -1 -1 -1 -1 -1 -1 -1 1.95e-05 -1 -1 -1 -1 -1 -1 -1 -1 -1 -1 -1 -1 -1 -1
5 1 0 1000 -1 -1 -1 -1 -1 -1 -1 -1 -1 -1 -1 -1 -1 -1 6.31e-05 -1 -1 -1 -1 -1 -1 -1 -1 -1 -1 -1 -1 -1 -1
5 1 0 1000 -1 -1 -1 -1 -1 -1 -1 -1 -1 -1 -1 -1 -1 -1 3.51e-05 -1 -1 -1 -1 -1 -1 -1 -1 -1 -1 -1 -1 -1 -1
5 1 0 1000 -1 -1 -1 -1 -1 -1 -1 -1 -1 -1 -1 -1 -1 -1 4.61e-05 -1 -1 -1 -1 -1 -1 -1 -1 -1 -1 -1 -1 -1 -1
5 1 0 1000 -1 -1 -1 -1 -1 -1 -1 -1 -1 -1 -1 -1 -1 -1 2.98e-05 -1 -1 -1 -1 -1 -1 -1 -1 -1 -1 -1 -1 -1 -1
5 1 0 1000 -1 -1 -1 -1 -1 -1 -1 -1 -1 -1 -1 -1 -1 -1 2.12e-05 -1 -1 -1 -1 -1 -1 -1 -1 -1 -1 -1 -1 -1 -1
5 1 0 1000 -1 -1 -1 -1 -1 -1 -1 -1 -1 -1 -1 -1 -1 -1 1.95e-05 -1 -1 -1 -1 -1 -1 -1 -1 -1 -1 -1 -1 -1 -1
5 1 0 1000 -1 -1 -1 -1 -1 -1 -1 -1 -1 -1 -1 -1 -1 -1 5.28e-05 -1 -1 -1 -1 -1 -1 -1 -1 -1 -1 -1 -1 -1 -1
5 1 0 1000 -1 -1 -1 -1 -1 -1 -1 -1 -1 -1 -1 -1 -1 -1 2.16e-05 -1 -1 -1 -1 -1 -1 -1 -1 -1 -1 -1 -1 -1 -1
5 1 0 1000 -1 -1 -1 -1 -1 -1 -1 -1 -1 -1 -1 -1 -1 -1 1.95e-05 -1 -1 -1 -1 -1 -1 -1 -1 -1 -1 -1 -1 -1 -1
5 1 0 1000 -1 -1 -1 -1 -1 -1 -1 -1 -1 -1 -1 -1 -1 -1 1.95e-05 -1 -1 -1 -1 -1 -1 -1 -1 -1 -1 -1 -1 -1 -1
5 1 0 1000 -1 -1 -1 -1 -1 -1 -1 -1 -1 -1 -1 -1 -1 -1 5.52e-05 -1 -1 -1 -1 -1 -1 -1 -1 -1 -1 -1 -1 -1 -1
5 1 0 1000 -1 -1 -1 -1 -1 -1 -1 -1 -1 -1 -1 -1 -1 -1 1.95e-05 -1 -1 -1 -1 -1 -1 -1 -1 -1 -1 -1 -1 -1 -1
5 1 0 1000 -1 -1 -1 -1 -1 -1 -1 -1 -1 -1 -1 -1 -1 -1 6.62e-05 -1 -1 -1 -1 -1 -1 -1 -1 -1 -1 -1 -1 -1 -1
5 1 0 1000 -1 -1 -1 -1 -1 -1 -1 -1 -1 -1 -1 -1 -1 -1 1.95e-05 -1 -1 -1 -1 -1 -1 -1 -1 -1 -1 -1 -1 -1 -1
5 1 0 1000 -1 -1 -1 -1 -1 -1 -1 -1 -1 -1 -1 -1 -1 -1 2.73e-05 -1 -1 -1 -1 -1 -1 -1 -1 -1 -1 -1 -1 -1 -1
5 1 0 1000 -1 -1 -1 -1 -1 -1 -1 -1 -1 -1 -1 -1 -1 -1 1.95e-05 -1 -1 -1 -1 -1 -1 -1 -1 -1 -1 -1 -1 -1 -1
5 1 0 1000 -1 -1 -1 -1 -1 -1 -1 -1 -1 -1 -1 -1 -1 -1 1.95e-05 -1 -1 -1 -1 -1 -1 -1 -1 -1 -1 -1 -1 -1 -1
5 1 0 1000 -1 -1 -1 -1 -1 -1 -1 -1 -1 -1 -1 -1 -1 -1 1.95e-05 -1 -1 -1 -1 -1 -1 -1 -1 -1 -1 -1 -1 -1 -1
5 1 0 1000 -1 -1 -1 -1 -1 -1 -1 -1 -1 -1 -1 -1 -1 -1 0.000131257 -1 -1 -1 -1 -1 -1 -1 -1 -1 -1 -1 -1 -1 -1
5 1 0 1000 -1 -1 -1 -1 -1 -1 -1 -1 -1 -1 -1 -1 -1 -1 1.95e-05 -1 -1 -1 -1 -1 -1 -1 -1 -1 -1 -1 -1 -1 -1
5 1 0 1000 -1 -1 -1 -1 -1 -1 -1 -1 -1 -1 -1 -1 -1 -1 1.95e-05 -1 -1 -1 -1 -1 -1 -1 -1 -1 -1 -1 -1 -1 -1
5 1 0 1000 -1 -1 -1 -1 -1 -1 -1 -1 -1 -1 -1 -1 -1 -1 2.28e-05 -1 -1 -1 -1 -1 -1 -1 -1 -1 -1 -1 -1 -1 -1
5 1 0 1000 -1 -1 -1 -1 -1 -1 -1 -1 -1 -1 -1 -1 -1 -1 2.98e-05 -1 -1 -1 -1 -1 -1 -1 -1 -1 -1 -1 -1 -1 -1
5 1 0 1000 -1 -1 -1 -1 -1 -1 -1 -1 -1 -1 -1 -1 -1 -1 5.77e-05 -1 -1 -1 -1 -1 -1 -1 -1 -1 -1 -1 -1 -1 -1
5 1 0 1000 -1 -1 -1 -1 -1 -1 -1 -1 -1 -1 -1 -1 -1 -1 4.77e-05 -1 -1 -1 -1 -1 -1 -1 -1 -1 -1 -1 -1 -1 -1
5 1 0 1000 -1 -1 -1 -1 -1 -1 -1 -1 -1 -1 -1 -1 -1 -1 1.95e-05 -1 -1 -1 -1 -1 -1 -1 -1 -1 -1 -1 -1 -1 -1
5 1 0 1000 -1 -1 -1 -1 -1 -1 -1 -1 -1 -1 -1 -1 -1 -1 1.95e-05 -1 -1 -1 -1 -1 -1 -1 -1 -1 -1 -1 -1 -1 -1
5 1 0 1000 -1 -1 -1 -1 -1 -1 -1 -1 -1 -1 -1 -1 -1 -1 1.95e-05 -1 -1 -1 -1 -1 -1 -1 -1 -1 -1 -1 -1 -1 -1
5 1 0 1000 -1 -1 -1 -1 -1 -1 -1 -1 -1 -1 -1 -1 -1 -1 1.95e-05 -1 -1 -1 -1 -1 -1 -1 -1 -1 -1 -1 -1 -1 -1
5 1 0 1000 -1 -1 -1 -1 -1 -1 -1 -1 -1 -1 -1 -1 -1 -1 1.95e-05 -1 -1 -1 -1 -1 -1 -1 -1 -1 -1 -1 -1 -1 -1
5 1 0 1000 -1 -1 -1 -1 -1 -1 -1 -1 -1 -1 -1 -1 -1 -1 1.95e-05 -1 -1 -1 -1 -1 -1 -1 -1 -1 -1 -1 -1 -1 -1
5 1 0 1000 -1 -1 -1 -1 -1 -1 -1 -1 -1 -1 -1 -1 -1 -1 1.95e-05 -1 -1 -1 -1 -1 -1 -1 -1 -1 -1 -1 -1 -1 -1
5 1 0 1000 -1 -1 -1 -1 -1 -1 -1 -1 -1 -1 -1 -1 -1 -1 1.95e-05 -1 -1 -1 -1 -1 -1 -1 -1 -1 -1 -1 -1 -1 -1
5 1 0 1000 -1 -1 -1 -1 -1 -1 -1 -1 -1 -1 -1 -1 -1 -1 1.95e-05 -1 -1 -1 -1 -1 -1 -1 -1 -1 -1 -1 -1 -1 -1
5 1 0 1000 -1 -1 -1 -1 -1 -1 -1 -1 -1 -1 -1 -1 -1 -1 1.95e-05 -1 -1 -1 -1 -1 -1 -1 -1 -1 -1 -1 -1 -1 -1
5 1 0 1000 -1 -1 -1 -1 -1 -1 -1 -1 -1 -1 -1 -1 -1 -1 1.95e-05 -1 -1 -1 -1 -1 -1 -1 -1 -1 -1 -1 -1 -1 -1
6 1 0 1000 -1 -1 -1 -1 -1 -1 -1 -1 -1 -1 -1 -1 -1 -1 0.00060706 -1 -1 -1 -1 -1 -1 -1 -1 -1 -1 -1 -1 -1 -1
6 1 0 1000 -1 -1 -1 -1 -1 -1 -1 -1 -1 -1 -1 -1 -1 -1 2.43e-05 -1 -1 -1 -1 -1 -1 -1 -1 -1 -1 -1 -1 -1 -1
6 1 0 1000 -1 -1 -1 -1 -1 -1 -1 -1 -1 -1 -1 -1 -1 -1 0.000145616 -1 -1 -1 -1 -1 -1 -1 -1 -1 -1 -1 -1 -1 -1
6 1 0 1000 -1 -1 -1 -1 -1 -1 -1 -1 -1 -1 -1 -1 -1 -1 5.35e-05 -1 -1 -1 -1 -1 -1 -1 -1 -1 -1 -1 -1 -1 -1
6 1 0 1000 -1 -1 -1 -1 -1 -1 -1 -1 -1 -1 -1 -1 -1 -1 3.33e-05 -1 -1 -1 -1 -1 -1 -1 -1 -1 -1 -1 -1 -1 -1
6 1 0 1000 -1 -1 -1 -1 -1 -1 -1 -1 -1 -1 -1 -1 -1 -1 2.6e-05 -1 -1 -1 -1 -1 -1 -1 -1 -1 -1 -1 -1 -1 -1
6 1 0 1000 -1 -1 -1 -1 -1 -1 -1 -1 -1 -1 -1 -1 -1 -1 0.000434262 -1 -1 -1 -1 -1 -1 -1 -1 -1 -1 -1 -1 -1 -1
6 1 0 1000 -1 -1 -1 -1 -1 -1 -1 -1 -1 -1 -1 -1 -1 -1 2.6e-05 -1 -1 -1 -1 -1 -1 -1 -1 -1 -1 -1 -1 -1 -1
6 1 0 1000 -1 -1 -1 -1 -1 -1 -1 -1 -1 -1 -1 -1 -1 -1 3.7e-05 -1 -1 -1 -1 -1 -1 -1 -1 -1 -1 -1 -1 -1 -1
6 1 0 1000 -1 -1 -1 -1 -1 -1 -1 -1 -1 -1 -1 -1 -1 -1 2.96e-05 -1 -1 -1 -1 -1 -1 -1 -1 -1 -1 -1 -1 -1 -1
6 1 0 1000 -1 -1 -1 -1 -1 -1 -1 -1 -1 -1 -1 -1 -1 -1 0.000280256 -1 -1 -1 -1 -1 -1 -1 -1 -1 -1 -1 -1 -1 -1
6 1 0 1000 -1 -1 -1 -1 -1 -1 -1 -1 -1 -1 -1 -1 -1 -1 3.42e-05 -1 -1 -1 -1 -1 -1 -1 -1 -1 -1 -1 -1 -1 -1
6 1 0 1000 -1 -1 -1 -1 -1 -1 -1 -1 -1 -1 -1 -1 -1 -1 4.37e-05 -1 -1 -1 -1 -1 -1 -1 -1 -1 -1 -1 -1 -1 -1
6 1 0 1000 -1 -1 -1 -1 -1 -1 -1 -1 -1 -1 -1 -1 -1 -1 2e-05 -1 -1 -1 -1 -1 -1 -1 -1 -1 -1 -1 -1 -1 -1
6 1 0 1000 -1 -1 -1 -1 -1 -1 -1 -1 -1 -1 -1 -1 -1 -1 2.6e-05 -1 -1 -1 -1 -1 -1 -1 -1 -1 -1 -1 -1 -1 -1
6 1 0 1000 -1 -1 -1 -1 -1 -1 -1 -1 -1 -1 -1 -1 -1 -1 0.000208448 -1 -1 -1 -1 -1 -1 -1 -1 -1 -1 -1 -1 -1 -1
6 1 0 1000 -1 -1 -1 -1 -1 -1 -1 -1 -1 -1 -1 -1 -1 -1 4.66e-05 -1 -1 -1 -1 -1 -1 -1 -1 -1 -1 -1 -1 -1 -1
6 1 0 1000 -1 -1 -1 -1 -1 -1 -1 -1 -1 -1 -1 -1 -1 -1 7.69e-05 -1 -1 -1 -1 -1 -1 -1 -1 -1 -1 -1 -1 -1 -1
6 1 0 1000 -1 -1 -1 -1 -1 -1 -1 -1 -1 -1 -1 -1 -1 -1 2.96e-05 -1 -1 -1 -1 -1 -1 -1 -1 -1 -1 -1 -1 -1 -1
6 1 0 1000 -1 -1 -1 -1 -1 -1 -1 -1 -1 -1 -1 -1 -1 -1 3.51e-05 -1 -1 -1 -1 -1 -1 -1 -1 -1 -1 -1 -1 -1 -1
6 1 0 1000 -1 -1 -1 -1 -1 -1 -1 -1 -1 -1 -1 -1 -1 -1 5.65e-05 -1 -1 -1 -1 -1 -1 -1 -1 -1 -1 -1 -1 -1 -1
6 1 0 1000 -1 -1 -1 -1 -1 -1 -1 -1 -1 -1 -1 -1 -1 -1 3.65e-05 -1 -1 -1 -1 -1 -1 -1 -1 -1 -1 -1 -1 -1 -1
6 1 0 1000 -1 -1 -1 -1 -1 -1 -1 -1 -1 -1 -1 -1 -1 -1 2.17e-05 -1 -1 -1 -1 -1 -1 -1 -1 -1 -1 -1 -1 -1 -1
6 1 0 1000 -1 -1 -1 -1 -1 -1 -1 -1 -1 -1 -1 -1 -1 -1 1.95e-05 -1 -1 -1 -1 -1 -1 -1 -1 -1 -1 -1 -1 -1 -1
6 1 0 1000 -1 -1 -1 -1 -1 -1 -1 -1 -1 -1 -1 -1 -1 -1 6.36e-05 -1 -1 -1 -1 -1 -1 -1 -1 -1 -1 -1 -1 -1 -1
6 1 0 1000 -1 -1 -1 -1 -1 -1 -1 -1 -1 -1 -1 -1 -1 -1 8.79e-05 -1 -1 -1 -1 -1 -1 -1 -1 -1 -1 -1 -1 -1 -1
6 1 0 1000 -1 -1 -1 -1 -1 -1 -1 -1 -1 -1 -1 -1 -1 -1 2e-05 -1 -1 -1 -1 -1 -1 -1 -1 -1 -1 -1 -1 -1 -1
6 1 0 1000 -1 -1 -1 -1 -1 -1 -1 -1 -1 -1 -1 -1 -1 -1 0.000669734 -1 -1 -1 -1 -1 -1 -1 -1 -1 -1 -1 -1 -1 -1
6 1 0 1000 -1 -1 -1 -1 -1 -1 -1 -1 -1 -1 -1 -1 -1 -1 2.43e-05 -1 -1 -1 -1 -1 -1 -1 -1 -1 -1 -1 -1 -1 -1
6 1 0 1000 -1 -1 -1 -1 -1 -1 -1 -1 -1 -1 -1 -1 -1 -1 4.47e-05 -1 -1 -1 -1 -1 -1 -1 -1 -1 -1 -1 -1 -1 -1
6 1 0 1000 -1 -1 -1 -1 -1 -1 -1 -1 -1 -1 -1 -1 -1 -1 1.95e-05 -1 -1 -1 -1 -1 -1 -1 -1 -1 -1 -1 -1 -1 -1
6 1 0 1000 -1 -1 -1 -1 -1 -1 -1 -1 -1 -1 -1 -1 -1 -1 2.17e-05 -1 -1 -1 -1 -1 -1 -1 -1 -1 -1 -1 -1 -1 -1
6 1 0 1000 -1 -1 -1 -1 -1 -1 -1 -1 -1 -1 -1 -1 -1 -1 2.74e-05 -1 -1 -1 -1 -1 -1 -1 -1 -1 -1 -1 -1 -1 -1
6 1 0 1000 -1 -1 -1 -1 -1 -1 -1 -1 -1 -1 -1 -1 -1 -1 3.14e-05 -1 -1 -1 -1 -1 -1 -1 -1 -1 -1 -1 -1 -1 -1
6 1 0 1000 -1 -1 -1 -1 -1 -1 -1 -1 -1 -1 -1 -1 -1 -1 0.000123488 -1 -1 -1 -1 -1 -1 -1 -1 -1 -1 -1 -1 -1 -1
6 1 0 1000 -1 -1 -1 -1 -1 -1 -1 -1 -1 -1 -1 -1 -1 -1 3.05e-05 -1 -1 -1 -1 -1 -1 -1 -1 -1 -1 -1 -1 -1 -1
6 1 0 1000 -1 -1 -1 -1 -1 -1 -1 -1 -1 -1 -1 -1 -1 -1 1.95e-05 -1 -1 -1 -1 -1 -1 -1 -1 -1 -1 -1 -1 -1 -1
6 1 0 1000 -1 -1 -1 -1 -1 -1 -1 -1 -1 -1 -1 -1 -1 -1 8.68e-05 -1 -1 -1 -1 -1 -1 -1 -1 -1 -1 -1 -1 -1 -1
6 1 0 1000 -1 -1 -1 -1 -1 -1 -1 -1 -1 -1 -1 -1 -1 -1 2e-05 -1 -1 -1 -1 -1 -1 -1 -1 -1 -1 -1 -1 -1 -1
6 1 0 1000 -1 -1 -1 -1 -1 -1 -1 -1 -1 -1 -1 -1 -1 -1 2e-05 -1 -1 -1 -1 -1 -1 -1 -1 -1 -1 -1 -1 -1 -1
6 1 0 1000 -1 -1 -1 -1 -1 -1 -1 -1 -1 -1 -1 -1 -1 -1 0.000226065 -1 -1 -1 -1 -1 -1 -1 -1 -1 -1 -1 -1 -1 -1
6 1 0 1000 -1 -1 -1 -1 -1 -1 -1 -1 -1 -1 -1 -1 -1 -1 3.14e-05 -1 -1 -1 -1 -1 -1 -1 -1 -1 -1 -1 -1 -1 -1
6 1 0 1000 -1 -1 -1 -1 -1 -1 -1 -1 -1 -1 -1 -1 -1 -1 4.23e-05 -1 -1 -1 -1 -1 -1 -1 -1 -1 -1 -1 -1 -1 -1
6 1 0 1000 -1 -1 -1 -1 -1 -1 -1 -1 -1 -1 -1 -1 -1 -1 2.43e-05 -1 -1 -1 -1 -1 -1 -1 -1 -1 -1 -1 -1 -1 -1
6 1 0 1000 -1 -1 -1 -1 -1 -1 -1 -1 -1 -1 -1 -1 -1 -1 2.6e-05 -1 -1 -1 -1 -1 -1 -1 -1 -1 -1 -1 -1 -1 -1
6 1 0 1000 -1 -1 -1 -1 -1 -1 -1 -1 -1 -1 -1 -1 -1 -1 7.38e-05 -1 -1 -1 -1 -1 -1 -1 -1 -1 -1 -1 -1 -1 -1
6 1 0 1000 -1 -1 -1 -1 -1 -1 -1 -1 -1 -1 -1 -1 -1 -1 2.6e-05 -1 -1 -1 -1 -1 -1 -1 -1 -1 -1 -1 -1 -1 -1
6 1 0 1000 -1 -1 -1 -1 -1 -1 -1 -1 -1 -1 -1 -1 -1 -1 2.25e-05 -1 -1 -1 -1 -1 -1 -1 -1 -1 -1 -1 -1 -1 -1
6 1 0 1000 -1 -1 -1 -1 -1 -1 -1 -1 -1 -1 -1 -1 -1 -1 3.8e-05 -1 -1 -1 -1 -1 -1 -1 -1 -1 -1 -1 -1 -1 -1
6 1 0 1000 -1 -1 -1 -1 -1 -1 -1 -1 -1 -1 -1 -1 -1 -1 2.51e-05 -1 -1 -1 -1 -1 -1 -1 -1 -1 -1 -1 -1 -1 -1
6 1 0 1000 -1 -1 -1 -1 -1 -1 -1 -1 -1 -1 -1 -1 -1 -1 2e-05 -1 -1 -1 -1 -1 -1 -1 -1 -1 -1 -1 -1 -1 -1
6 1 0 1000 -1 -1 -1 -1 -1 -1 -1 -1 -1 -1 -1 -1 -1 -1 3.51e-05 -1 -1 -1 -1 -1 -1 -1 -1 -1 -1 -1 -1 -1 -1
6 1 0 1000 -1 -1 -1 -1 -1 -1 -1 -1 -1 -1 -1 -1 -1 -1 6.36e-05 -1 -1 -1 -1 -1 -1 -1 -1 -1 -1 -1 -1 -1 -1
6 1 0 1000 -1 -1 -1 -1 -1 -1 -1 -1 -1 -1 -1 -1 -1 -1 1.95e-05 -1 -1 -1 -1 -1 -1 -1 -1 -1 -1 -1 -1 -1 -1
6 1 0 1000 -1 -1 -1 -1 -1 -1 -1 -1 -1 -1 -1 -1 -1 -1 3.24e-05 -1 -1 -1 -1 -1 -1 -1 -1 -1 -1 -1 -1 -1 -1
6 1 0 1000 -1 -1 -1 -1 -1 -1 -1 -1 -1 -1 -1 -1 -1 -1 0.000354244 -1 -1 -1 -1 -1 -1 -1 -1 -1 -1 -1 -1 -1 -1
6 1 0 1000 -1 -1 -1 -1 -1 -1 -1 -1 -1 -1 -1 -1 -1 -1 2.34e-05 -1 -1 -1 -1 -1 -1 -1 -1 -1 -1 -1 -1 -1 -1
6 1 0 1000 -1 -1 -1 -1 -1 -1 -1 -1 -1 -1 -1 -1 -1 -1 0.00016573 -1 -1 -1 -1 -1 -1 -1 -1 -1 -1 -1 -1 -1 -1
6 1 0 1000 -1 -1 -1 -1 -1 -1 -1 -1 -1 -1 -1 -1 -1 -1 9.95e-05 -1 -1 -1 -1 -1 -1 -1 -1 -1 -1 -1 -1 -1 -1
6 1 0 1000 -1 -1 -1 -1 -1 -1 -1 -1 -1 -1 -1 -1 -1 -1 1.95e-05 -1 -1 -1 -1 -1 -1 -1 -1 -1 -1 -1 -1 -1 -1
6 1 0 1000 -1 -1 -1 -1 -1 -1 -1 -1 -1 -1 -1 -1 -1 -1 6.06e-05 -1 -1 -1 -1 -1 -1 -1 -1 -1 -1 -1 -1 -1 -1
6 1 0 1000 -1 -1 -1 -1 -1 -1 -1 -1 -1 -1 -1 -1 -1 -1 2.25e-05 -1 -1 -1 -1 -1 -1 -1 -1 -1 -1 -1 -1 -1 -1
6 1 0 1000 -1 -1 -1 -1 -1 -1 -1 -1 -1 -1 -1 -1 -1 -1 8.63e-05 -1 -1 -1 -1 -1 -1 -1 -1 -1 -1 -1 -1 -1 -1
6 1 0 1000 -1 -1 -1 -1 -1 -1 -1 -1 -1 -1 -1 -1 -1 -1 4.37e-05 -1 -1 -1 -1 -1 -1 -1 -1 -1 -1 -1 -1 -1 -1
6 1 0 1000 -1 -1 -1 -1 -1 -1 -1 -1 -1 -1 -1 -1 -1 -1 0.000102127 -1 -1 -1 -1 -1 -1 -1 -1 -1 -1 -1 -1 -1 -1
6 1 0 1000 -1 -1 -1 -1 -1 -1 -1 -1 -1 -1 -1 -1 -1 -1 2.51e-05 -1 -1 -1 -1 -1 -1 -1 -1 -1 -1 -1 -1 -1 -1
6 1 0 1000 -1 -1 -1 -1 -1 -1 -1 -1 -1 -1 -1 -1 -1 -1 1.95e-05 -1 -1 -1 -1 -1 -1 -1 -1 -1 -1 -1 -1 -1 -1
6 1 0 1000 -1 -1 -1 -1 -1 -1 -1 -1 -1 -1 -1 -1 -1 -1 2.34e-05 -1 -1 -1 -1 -1 -1 -1 -1 -1 -1 -1 -1 -1 -1
6 1 0 1000 -1 -1 -1 -1 -1 -1 -1 -1 -1 -1 -1 -1 -1 -1 0.000169002 -1 -1 -1 -1 -1 -1 -1 -1 -1 -1 -1 -1 -1 -1
6 1 0 1000 -1 -1 -1 -1 -1 -1 -1 -1 -1 -1 -1 -1 -1 -1 1.95e-05 -1 -1 -1 -1 -1 -1 -1 -1 -1 -1 -1 -1 -1 -1
6 1 0 1000 -1 -1 -1 -1 -1 -1 -1 -1 -1 -1 -1 -1 -1 -1 3.42e-05 -1 -1 -1 -1 -1 -1 -1 -1 -1 -1 -1 -1 -1 -1
6 1 0 1000 -1 -1 -1 -1 -1 -1 -1 -1 -1 -1 -1 -1 -1 -1 9.79e-05 -1 -1 -1 -1 -1 -1 -1 -1 -1 -1 -1 -1 -1 -1
6 1 0 1000 -1 -1 -1 -1 -1 -1 -1 -1 -1 -1 -1 -1 -1 -1 1.95e-05 -1 -1 -1 -1 -1 -1 -1 -1 -1 -1 -1 -1 -1 -1
6 1 0 1000 -1 -1 -1 -1 -1 -1 -1 -1 -1 -1 -1 -1 -1 -1 0.0001251 -1 -1 -1 -1 -1 -1 -1 -1 -1 -1 -1 -1 -1 -1
6 1 0 1000 -1 -1 -1 -1 -1 -1 -1 -1 -1 -1 -1 -1 -1 -1 1.95e-05 -1 -1 -1 -1 -1 -1 -1 -1 -1 -1 -1 -1 -1 -1
6 1 0 1000 -1 -1 -1 -1 -1 -1 -1 -1 -1 -1 -1 -1 -1 -1 3.7e-05 -1 -1 -1 -1 -1 -1 -1 -1 -1 -1 -1 -1 -1 -1
6 1 0 1000 -1 -1 -1 -1 -1 -1 -1 -1 -1 -1 -1 -1 -1 -1 1.95e-05 -1 -1 -1 -1 -1 -1 -1 -1 -1 -1 -1 -1 -1 -1
6 1 0 1000 -1 -1 -1 -1 -1 -1 -1 -1 -1 -1 -1 -1 -1 -1 4.1e-05 -1 -1 -1 -1 -1 -1 -1 -1 -1 -1 -1 -1 -1 -1
6 1 0 1000 -1 -1 -1 -1 -1 -1 -1 -1 -1 -1 -1 -1 -1 -1 4.82e-05 -1 -1 -1 -1 -1 -1 -1 -1 -1 -1 -1 -1 -1 -1
6 1 0 1000 -1 -1 -1 -1 -1 -1 -1 -1 -1 -1 -1 -1 -1 -1 4.1e-05 -1 -1 -1 -1 -1 -1 -1 -1 -1 -1 -1 -1 -1 -1
6 1 0 1000 -1 -1 -1 -1 -1 -1 -1 -1 -1 -1 -1 -1 -1 -1 4.69e-05 -1 -1 -1 -1 -1 -1 -1 -1 -1 -1 -1 -1 -1 -1
6 1 0 1000 -1 -1 -1 -1 -1 -1 -1 -1 -1 -1 -1 -1 -1 -1 3.14e-05 -1 -1 -1 -1 -1 -1 -1 -1 -1 -1 -1 -1 -1 -1
6 1 0 1000 -1 -1 -1 -1 -1 -1 -1 -1 -1 -1 -1 -1 -1 -1 2.96e-05 -1 -1 -1 -1 -1 -1 -1 -1 -1 -1 -1 -1 -1 -1
6 1 0 1000 -1 -1 -1 -1 -1 -1 -1 -1 -1 -1 -1 -1 -1 -1 0.000133632 -1 -1 -1 -1 -1 -1 -1 -1 -1 -1 -1 -1 -1 -1
6 1 0 1000 -1 -1 -1 -1 -1 -1 -1 -1 -1 -1 -1 -1 -1 -1 4.52e-05 -1 -1 -1 -1 -1 -1 -1 -1 -1 -1 -1 -1 -1 -1
6 1 0 1000 -1 -1 -1 -1 -1 -1 -1 -1 -1 -1 -1 -1 -1 -1 2.84e-05 -1 -1 -1 -1 -1 -1 -1 -1 -1 -1 -1 -1 -1 -1
6 1 0 1000 -1 -1 -1 -1 -1 -1 -1 -1 -1 -1 -1 -1 -1 -1 0.000119879 -1 -1 -1 -1 -1 -1 -1 -1 -1 -1 -1 -1 -1 -1
6 1 0 1000 -1 -1 -1 -1 -1 -1 -1 -1 -1 -1 -1 -1 -1 -1 1.95e-05 -1 -1 -1 -1 -1 -1 -1 -1 -1 -1 -1 -1 -1 -1
6 1 0 1000 -1 -1 -1 -1 -1 -1 -1 -1 -1 -1 -1 -1 -1 -1 0.000644388 -1 -1 -1 -1 -1 -1 -1 -1 -1 -1 -1 -1 -1 -1
6 1 0 1000 -1 -1 -1 -1 -1 -1 -1 -1 -1 -1 -1 -1 -1 -1 6.18e-05 -1 -1 -1 -1 -1 -1 -1 -1 -1 -1 -1 -1 -1 -1
6 1 0 1000 -1 -1 -1 -1 -1 -1 -1 -1 -1 -1 -1 -1 -1 -1 2.36e-05 -1 -1 -1 -1 -1 -1 -1 -1 -1 -1 -1 -1 -1 -1
6 1 0 1000 -1 -1 -1 -1 -1 -1 -1 -1 -1 -1 -1 -1 -1 -1 7.43e-05 -1 -1 -1 -1 -1 -1 -1 -1 -1 -1 -1 -1 -1 -1
6 1 0 1000 -1 -1 -1 -1 -1 -1 -1 -1 -1 -1 -1 -1 -1 -1 6.04e-05 -1 -1 -1 -1 -1 -1 -1 -1 -1 -1 -1 -1 -1 -1
6 1 0 1000 -1 -1 -1 -1 -1 -1 -1 -1 -1 -1 -1 -1 -1 -1 4.89e-05 -1 -1 -1 -1 -1 -1 -1 -1 -1 -1 -1 -1 -1 -1
6 1 0 1000 -1 -1 -1 -1 -1 -1 -1 -1 -1 -1 -1 -1 -1 -1 5.09e-05 -1 -1 -1 -1 -1 -1 -1 -1 -1 -1 -1 -1 -1 -1
6 1 0 1000 -1 -1 -1 -1 -1 -1 -1 -1 -1 -1 -1 -1 -1 -1 2.04e-05 -1 -1 -1 -1 -1 -1 -1 -1 -1 -1 -1 -1 -1 -1
6 1 0 1000 -1 -1 -1 -1 -1 -1 -1 -1 -1 -1 -1 -1 -1 -1 3.14e-05 -1 -1 -1 -1 -1 -1 -1 -1 -1 -1 -1 -1 -1 -1
6 1 0 1000 -1 -1 -1 -1 -1 -1 -1 -1 -1 -1 -1 -1 -1 -1 1.95e-05 -1 -1 -1 -1 -1 -1 -1 -1 -1 -1 -1 -1 -1 -1
6 1 0 1000 -1 -1 -1 -1 -1 -1 -1 -1 -1 -1 -1 -1 -1 -1 4.29e-05 -1 -1 -1 -1 -1 -1 -1 -1 -1 -1 -1 -1 -1 -1
6 1 0 1000 -1 -1 -1 -1 -1 -1 -1 -1 -1 -1 -1 -1 -1 -1 2.36e-05 -1 -1 -1 -1 -1 -1 -1 -1 -1 -1 -1 -1 -1 -1
6 1 0 1000 -1 -1 -1 -1 -1 -1 -1 -1 -1 -1 -1 -1 -1 -1 2.59e-05 -1 -1 -1 -1 -1 -1 -1 -1 -1 -1 -1 -1 -1 -1
6 1 0 1000 -1 -1 -1 -1 -1 -1 -1 -1 -1 -1 -1 -1 -1 -1 3.02e-05 -1 -1 -1 -1 -1 -1 -1 -1 -1 -1 -1 -1 -1 -1
6 1 0 1000 -1 -1 -1 -1 -1 -1 -1 -1 -1 -1 -1 -1 -1 -1 2.24e-05 -1 -1 -1 -1 -1 -1 -1 -1 -1 -1 -1 -1 -1 -1
6 1 0 1000 -1 -1 -1 -1 -1 -1 -1 -1 -1 -1 -1 -1 -1 -1 2.53e-05 -1 -1 -1 -1 -1 -1 -1 -1 -1 -1 -1 -1 -1 -1
6 1 0 1000 -1 -1 -1 -1 -1 -1 -1 -1 -1 -1 -1 -1 -1 -1 3.65e-05 -1 -1 -1 -1 -1 -1 -1 -1 -1 -1 -1 -1 -1 -1
6 1 0 1000 -1 -1 -1 -1 -1 -1 -1 -1 -1 -1 -1 -1 -1 -1 0.000144126 -1 -1 -1 -1 -1 -1 -1 -1 -1 -1 -1 -1 -1 -1
6 1 0 1000 -1 -1 -1 -1 -1 -1 -1 -1 -1 -1 -1 -1 -1 -1 6.07e-05 -1 -1 -1 -1 -1 -1 -1 -1 -1 -1 -1 -1 -1 -1
6 1 0 1000 -1 -1 -1 -1 -1 -1 -1 -1 -1 -1 -1 -1 -1 -1 7.78e-05 -1 -1 -1 -1 -1 -1 -1 -1 -1 -1 -1 -1 -1 -1
6 1 0 1000 -1 -1 -1 -1 -1 -1 -1 -1 -1 -1 -1 -1 -1 -1 2.65e-05 -1 -1 -1 -1 -1 -1 -1 -1 -1 -1 -1 -1 -1 -1
6 1 0 1000 -1 -1 -1 -1 -1 -1 -1 -1 -1 -1 -1 -1 -1 -1 3.21e-05 -1 -1 -1 -1 -1 -1 -1 -1 -1 -1 -1 -1 -1 -1
6 1 0 1000 -1 -1 -1 -1 -1 -1 -1 -1 -1 -1 -1 -1 -1 -1 3.14e-05 -1 -1 -1 -1 -1 -1 -1 -1 -1 -1 -1 -1 -1 -1
6 1 0 1000 -1 -1 -1 -1 -1 -1 -1 -1 -1 -1 -1 -1 -1 -1 2.53e-05 -1 -1 -1 -1 -1 -1 -1 -1 -1 -1 -1 -1 -1 -1
